0	2411	0.00112	0.0008
0	2219	0.002239104	0.00159936
1	2140	0.00112	0.0008
2	862	0.028828683	0.020591917
2	1501	0.029925378	0.02137527
3	627	0.003357311	0.002398079
3	2092	0.004474622	0.003196158
4	1545	0.00112	0.0008
4	2287	0.003357311	0.002398079
4	2176	0.005591036	0.003993597
5	546	0.00112	0.0008
6	1268	0.00112	0.0008
6	951	0.002239104	0.00159936
6	1814	0.028828683	0.020591917
6	391	0.033210084	0.023721489
7	1968	0.002239104	0.00159936
7	903	0.003357311	0.002398079
8	781	0.00112	0.0008
8	1126	0.00112	0.0008
8	1029	0.004474622	0.003196158
8	1626	0.025533221	0.018238015
8	2368	0.033210084	0.023721489
9	1025	0.00112	0.0008
9	2264	0.002239104	0.00159936
10	1749	0.00112	0.0008
10	2178	0.002239104	0.00159936
11	1197	0.00112	0.0008
11	2217	0.002239104	0.00159936
12	2335	0.00112	0.0008
13	1364	0.00112	0.0008
14	981	0.00112	0.0008
14	1402	0.002239104	0.00159936
15	599	0.00112	0.0008
15	1737	0.00112	0.0008
15	988	0.003357311	0.002398079
16	2171	0.00112	0.0008
17	1538	0.0122707	0.008764786
17	337	0.01338084	0.009557743
18	702	0.00112	0.0008
18	1797	0.002239104	0.00159936
18	2205	0.015598431	0.011141737
18	1753	0.020022857	0.014302041
19	1028	0.00112	0.0008
20	1289	0.00112	0.0008
21	2082	0.002239104	0.00159936
21	966	0.003357311	0.002398079
22	1665	0.00112	0.0008
23	124	0.00112	0.0008
24	1921	0.00112	0.0008
25	1037	0.00112	0.0008
26	2448	0.00112	0.0008
26	2094	0.002239104	0.00159936
27	2468	0.117826331	0.084161665
27	1651	0.118847731	0.084891236
28	1899	0.00112	0.0008
28	1573	0.011159664	0.007971188
28	1766	0.470518319	0.336084514
28	1363	0.462752269	0.330537335
29	1325	0.00112	0.0008
29	2118	0.002239104	0.00159936
30	1173	0.002239104	0.00159936
30	2462	0.004474622	0.003196158
30	188	0.007821176	0.005586555
31	559	0.002239104	0.00159936
31	1576	0.003357311	0.002398079
32	2130	0.00112	0.0008
32	315	0.002239104	0.00159936
33	166	0.028828683	0.020591917
33	898	0.029925378	0.02137527
34	67	0.00112	0.0008
34	176	0.00112	0.0008
34	1077	0.003357311	0.002398079
35	2080	0.00112	0.0008
36	1182	0.00112	0.0008
36	2293	0.039755294	0.028396639
36	1845	0.04192986	0.0299499
37	2079	0.006706555	0.004790396
37	129	0.007821176	0.005586555
38	1562	0.186200112	0.13300008
38	598	0.187159664	0.133685474
39	1941	0.048432045	0.034594318
39	464	0.049512605	0.035366146
40	892	0.007821176	0.005586555
40	309	0.061339608	0.043814006
40	979	0.059197311	0.042283794
40	1166	0.125972437	0.089980312
41	1633	0.00112	0.0008
42	1316	0.00112	0.0008
43	1172	0.010047731	0.007176951
43	370	0.011159664	0.007971188
44	822	0.00112	0.0008
44	1416	0.002239104	0.00159936
44	1541	0.01338084	0.009557743
44	2362	0.017812437	0.012723169
45	888	0.002239104	0.00159936
45	552	0.002239104	0.00159936
45	1000	0.005591036	0.003993597
46	2413	0.057051429	0.04075102
46	800	0.029925378	0.02137527
46	1971	0.086767507	0.061976791
47	2201	0.00112	0.0008
48	1892	0.002239104	0.00159936
48	456	0.003357311	0.002398079
49	1753	0.00112	0.0008
50	191	0.00112	0.0008
51	650	0.002239104	0.00159936
51	243	0.007821176	0.005586555
51	2250	0.002239104	0.00159936
51	1253	0.275103193	0.196502281
51	1308	0.285515294	0.203939496
52	2002	0.00112	0.0008
52	877	0.002239104	0.00159936
53	1214	0.005591036	0.003993597
53	2166	0.006706555	0.004790396
54	363	0.004474622	0.003196158
54	1031	0.005591036	0.003993597
55	2201	0.695617255	0.496869468
55	1539	0.695708235	0.496934454
56	1979	0.00112	0.0008
57	733	0.00112	0.0008
58	2391	0.00112	0.0008
59	548	0.00112	0.0008
60	778	0.00112	0.0008
61	1094	0.00112	0.0008
61	2203	0.002239104	0.00159936
62	722	0.00112	0.0008
62	2320	0.00112	0.0008
62	2490	0.003357311	0.002398079
63	697	0.00112	0.0008
64	1291	0.004474622	0.003196158
64	694	0.632461176	0.451757983
64	944	0.634193389	0.452995278
65	2394	0.624941176	0.446386555
65	2497	0.00112	0.0008
65	1572	0.625674398	0.446910284
66	191	0.002239104	0.00159936
66	1614	0.003357311	0.002398079
68	2459	0.003357311	0.002398079
68	1734	0.004474622	0.003196158
69	2227	0.00112	0.0008
70	690	0.00112	0.0008
70	1166	0.002239104	0.00159936
71	1609	0.033210084	0.023721489
71	124	0.034303193	0.024502281
72	624	0.011159664	0.007971188
72	1541	0.0122707	0.008764786
73	1199	0.051671036	0.036907883
73	186	0.063478319	0.045341657
73	2468	0.113731765	0.081236975
74	2011	0.00112	0.0008
74	467	0.002239104	0.00159936
75	1245	0.00112	0.0008
75	1087	0.002239104	0.00159936
76	1974	0.00112	0.0008
76	797	0.006706555	0.004790396
76	1694	0.008934902	0.006382073
77	957	0.00112	0.0008
78	366	0.00112	0.0008
79	936	0.00112	0.0008
79	1360	0.002239104	0.00159936
80	1380	0.00112	0.0008
81	2029	0.002239104	0.00159936
81	447	0.003357311	0.002398079
82	344	0.00112	0.0008
83	316	0.00112	0.0008
84	1048	0.00112	0.0008
84	1435	0.00112	0.0008
84	879	0.002239104	0.00159936
84	1938	0.005591036	0.003993597
85	1256	0.00112	0.0008
85	325	0.007821176	0.005586555
85	533	0.010047731	0.007176951
86	360	0.057051429	0.04075102
86	1553	0.130023978	0.09287427
86	1562	0.182352941	0.130252101
87	2132	0.00112	0.0008
88	1145	0.00112	0.0008
88	1315	0.00112	0.0008
88	341	0.003357311	0.002398079
89	280	0.004474622	0.003196158
89	1323	0.005591036	0.003993597
90	1171	0.002239104	0.00159936
90	1175	0.003357311	0.002398079
91	1805	0.00112	0.0008
91	356	0.011159664	0.007971188
91	401	0.01338084	0.009557743
92	2443	0.00112	0.0008
93	2013	0.00112	0.0008
94	1139	0.00112	0.0008
95	1143	0.00112	0.0008
96	1334	0.004474622	0.003196158
96	450	0.005591036	0.003993597
97	1551	0.00112	0.0008
97	1736	0.014490084	0.01035006
97	2437	0.016705882	0.011932773
98	1532	0.005591036	0.003993597
98	2388	0.006706555	0.004790396
99	2367	0.00112	0.0008
99	1076	0.002239104	0.00159936
100	220	0.00112	0.0008
101	1716	0.00112	0.0008
101	435	0.007821176	0.005586555
101	2196	0.010047731	0.007176951
102	669	0.00112	0.0008
102	1799	0.00112	0.0008
102	1032	0.003357311	0.002398079
103	2139	0.002239104	0.00159936
103	1549	0.003357311	0.002398079
104	685	0.00112	0.0008
104	2004	0.002239104	0.00159936
104	150	0.004474622	0.003196158
105	2449	0.00112	0.0008
106	2389	0.002239104	0.00159936
106	603	0.003357311	0.002398079
107	1175	0.00112	0.0008
108	1700	0.026632605	0.019023289
108	1671	0.027731092	0.019807923
109	1530	0.003357311	0.002398079
109	878	0.004474622	0.003196158
110	2321	0.00112	0.0008
110	1162	0.002239104	0.00159936
111	1224	0.015598431	0.011141737
111	1139	0.016705882	0.011932773
112	1042	0.00112	0.0008
113	2475	0.00112	0.0008
114	705	0.002239104	0.00159936
114	576	0.003357311	0.002398079
115	2086	0.00112	0.0008
115	466	0.002239104	0.00159936
116	888	0.00112	0.0008
117	2400	0.00112	0.0008
118	1067	0.021126723	0.015090516
118	272	0.022229692	0.015878351
119	2084	0.003357311	0.002398079
119	1250	0.004474622	0.003196158
120	1432	0.475623978	0.339731413
120	1204	0.474988908	0.339277791
121	183	0.00112	0.0008
122	189	0.00112	0.0008
123	446	0.00112	0.0008
124	1813	0.020022857	0.014302041
124	459	0.055977143	0.039983673
125	1423	0.00112	0.0008
126	1091	0.00112	0.0008
126	444	0.002239104	0.00159936
127	2472	0.00112	0.0008
128	1602	0.00112	0.0008
128	1005	0.002239104	0.00159936
129	917	0.008934902	0.006382073
130	521	0.00112	0.0008
130	374	0.003357311	0.002398079
130	578	0.004474622	0.003196158
130	2337	0.010047731	0.007176951
131	198	0.00112	0.0008
131	1901	0.003357311	0.002398079
131	2278	0.045184986	0.03227499
131	604	0.050592269	0.036137335
132	1229	0.00112	0.0008
132	770	0.002239104	0.00159936
133	151	0.00112	0.0008
134	608	0.00112	0.0008
135	2187	0.00112	0.0008
136	1629	0.011159664	0.007971188
136	931	0.0122707	0.008764786
137	1403	0.00112	0.0008
138	2109	0.00112	0.0008
139	1603	0.00112	0.0008
139	1065	0.002239104	0.00159936
140	1163	0.00112	0.0008
141	758	0.002239104	0.00159936
141	1741	0.00112	0.0008
141	1524	0.004474622	0.003196158
142	1629	0.00112	0.0008
143	220	0.004474622	0.003196158
143	1013	0.005591036	0.003993597
144	575	0.00112	0.0008
144	216	0.002239104	0.00159936
145	189	0.113731765	0.081236975
145	2200	0.114756751	0.081969108
146	152	0.00112	0.0008
146	1540	0.00112	0.0008
146	2167	0.003357311	0.002398079
147	195	0.00112	0.0008
147	1722	0.002239104	0.00159936
148	1675	0.00112	0.0008
149	634	0.005591036	0.003993597
149	1078	0.09616986	0.068692757
149	1552	0.102397759	0.073141257
150	2122	0.00112	0.0008
150	1272	0.006706555	0.004790396
151	735	0.002239104	0.00159936
153	668	0.00112	0.0008
153	878	0.002239104	0.00159936
154	2476	0.00112	0.0008
155	2157	0.00112	0.0008
156	718	0.002239104	0.00159936
156	1721	0.004474622	0.003196158
156	1958	0.002239104	0.00159936
156	752	0.010047731	0.007176951
157	1084	0.00112	0.0008
157	1557	0.006706555	0.004790396
157	277	0.574861176	0.410615126
157	948	0.578625882	0.413304202
158	226	0.488137143	0.348669388
158	1976	0.488753389	0.349109564
159	493	0.031021176	0.022157983
159	2449	0.568621176	0.406157983
159	1764	0.554155294	0.39582521
160	1747	0.00112	0.0008
161	1030	0.027731092	0.019807923
161	1711	0.028828683	0.020591917
162	215	0.00112	0.0008
162	352	0.002239104	0.00159936
163	2100	0.00112	0.0008
163	1379	0.002239104	0.00159936
164	518	0.039755294	0.028396639
164	212	0.040843025	0.029173589
165	210	0.003357311	0.002398079
165	700	0.008934902	0.006382073
165	1384	0.01338084	0.009557743
166	1292	0.027731092	0.019807923
167	678	0.002239104	0.00159936
167	1656	0.003357311	0.002398079
167	1843	0.006706555	0.004790396
168	661	0.00112	0.0008
169	882	0.006706555	0.004790396
169	605	0.048432045	0.034594318
169	733	0.055977143	0.039983673
170	2295	0.00112	0.0008
170	1224	0.002239104	0.00159936
171	993	0.00112	0.0008
171	2484	0.00112	0.0008
171	1911	0.003357311	0.002398079
172	2003	0.00112	0.0008
172	2229	0.00112	0.0008
172	2334	0.003357311	0.002398079
173	1192	0.002239104	0.00159936
173	2023	0.010047731	0.007176951
173	1079	0.020022857	0.014302041
173	2348	0.033210084	0.023721489
174	715	0.004474622	0.003196158
174	2057	0.005591036	0.003993597
175	1318	0.00112	0.0008
177	1055	0.00112	0.0008
178	1065	0.00112	0.0008
179	2190	0.00112	0.0008
179	627	0.002239104	0.00159936
180	1842	0.020022857	0.014302041
180	2265	0.021126723	0.015090516
181	1808	0.003357311	0.002398079
181	1299	0.004474622	0.003196158
182	1633	0.003357311	0.002398079
182	1875	0.004474622	0.003196158
183	2419	0.049512605	0.035366146
183	438	0.051671036	0.036907883
184	729	0.00112	0.0008
185	2389	0.00112	0.0008
186	1753	0.023331765	0.016665546
186	1674	0.039755294	0.028396639
187	1918	0.00112	0.0008
188	589	0.00112	0.0008
188	1820	0.010047731	0.007176951
189	1464	0.111679104	0.079770788
190	571	0.00112	0.0008
190	2175	0.00112	0.0008
190	1029	0.003357311	0.002398079
192	1611	0.00112	0.0008
192	505	0.002239104	0.00159936
193	485	0.00112	0.0008
194	716	0.002239104	0.00159936
194	2210	0.00112	0.0008
194	368	0.004474622	0.003196158
196	622	0.00112	0.0008
197	1853	0.00112	0.0008
197	2106	0.002239104	0.00159936
199	880	0.00112	0.0008
200	2141	0.628571429	0.448979592
200	1400	0.628929524	0.449235374
201	1210	0.003357311	0.002398079
201	1739	0.004474622	0.003196158
202	1748	0.00112	0.0008
202	1825	0.00112	0.0008
202	417	0.003357311	0.002398079
203	692	0.00112	0.0008
204	1379	0.003357311	0.002398079
204	2105	0.004474622	0.003196158
205	1092	0.00112	0.0008
206	1659	0.00112	0.0008
207	1401	0.00112	0.0008
207	1483	0.00112	0.0008
207	1410	0.005591036	0.003993597
207	1944	0.003357311	0.002398079
207	1578	0.0122707	0.008764786
208	1605	0.00112	0.0008
208	777	0.002239104	0.00159936
209	363	0.00112	0.0008
210	1016	0.00112	0.0008
210	1465	0.00112	0.0008
211	1098	0.00112	0.0008
211	1854	0.002239104	0.00159936
212	2296	0.002239104	0.00159936
212	967	0.003357311	0.002398079
212	1941	0.047350588	0.033821849
213	406	0.00112	0.0008
213	738	0.006706555	0.004790396
213	691	0.005591036	0.003993597
213	1613	0.014490084	0.01035006
214	941	0.002239104	0.00159936
214	1051	0.00112	0.0008
214	1043	0.004474622	0.003196158
216	2073	0.00112	0.0008
216	995	0.011159664	0.007971188
216	1711	0.015598431	0.011141737
217	1688	0.003357311	0.002398079
217	2258	0.004474622	0.003196158
218	1968	0.00112	0.0008
219	1210	0.00112	0.0008
220	268	0.00112	0.0008
220	1697	0.00112	0.0008
221	1365	0.00112	0.0008
222	441	0.00112	0.0008
223	2221	0.00112	0.0008
224	959	0.00112	0.0008
225	845	0.046268235	0.033048739
225	1852	0.047350588	0.033821849
226	1962	0.00112	0.0008
226	2290	0.486901961	0.347787115
227	537	0.00112	0.0008
227	2488	0.00112	0.0008
227	1225	0.003357311	0.002398079
228	753	0.00112	0.0008
228	2107	0.005591036	0.003993597
228	2103	0.007821176	0.005586555
229	380	0.00112	0.0008
229	2020	0.00112	0.0008
229	472	0.003357311	0.002398079
230	662	0.00112	0.0008
231	1364	0.003357311	0.002398079
231	1770	0.004474622	0.003196158
232	2457	0.00112	0.0008
233	2197	0.00112	0.0008
234	1310	0.00112	0.0008
235	1151	0.00112	0.0008
235	1680	0.00112	0.0008
235	1767	0.00112	0.0008
235	2022	0.004474622	0.003196158
235	1112	0.008934902	0.006382073
236	894	0.004474622	0.003196158
236	2380	0.005591036	0.003993597
237	805	0.022229692	0.015878351
237	1750	0.090955294	0.064968067
237	1900	0.112705882	0.080504202
238	2164	0.00112	0.0008
239	586	0.00112	0.0008
240	1998	0.00112	0.0008
240	872	0.002239104	0.00159936
241	1860	0.00112	0.0008
241	1480	0.003357311	0.002398079
241	2351	0.137079664	0.097914046
241	1764	0.553643025	0.395459304
241	1017	0.476891429	0.340636735
242	1698	0.002239104	0.00159936
242	426	0.016705882	0.011932773
242	1376	0.020022857	0.014302041
243	726	0.00112	0.0008
243	534	0.005591036	0.003993597
244	1087	0.003357311	0.002398079
244	647	0.004474622	0.003196158
245	1486	0.002239104	0.00159936
245	893	0.003357311	0.002398079
246	970	0.00112	0.0008
247	1411	0.00112	0.0008
248	759	0.002239104	0.00159936
248	2159	0.034303193	0.024502281
248	292	0.037577143	0.026840816
249	539	0.00112	0.0008
250	528	0.00112	0.0008
250	2007	0.002239104	0.00159936
251	1957	0.698666667	0.499047619
251	1149	0.69872	0.499085714
252	289	0.002239104	0.00159936
252	578	0.003357311	0.002398079
253	2437	0.00112	0.0008
254	2402	0.00112	0.0008
254	881	0.002239104	0.00159936
255	885	0.00112	0.0008
256	2208	0.00112	0.0008
257	1004	0.00112	0.0008
257	1135	0.017812437	0.012723169
257	1421	0.020022857	0.014302041
258	1673	0.00112	0.0008
259	977	0.002239104	0.00159936
259	2378	0.006706555	0.004790396
259	1001	0.010047731	0.007176951
260	1926	0.00112	0.0008
261	1415	0.00112	0.0008
262	1847	0.003357311	0.002398079
262	1350	0.003357311	0.002398079
262	743	0.007821176	0.005586555
263	1039	0.00112	0.0008
264	381	0.00112	0.0008
265	1948	0.00112	0.0008
265	2123	0.004474622	0.003196158
265	536	0.006706555	0.004790396
266	1152	0.00112	0.0008
266	1314	0.021126723	0.015090516
266	2159	0.023331765	0.016665546
267	2063	0.00112	0.0008
269	1184	0.00112	0.0008
270	413	0.00112	0.0008
271	2021	0.00112	0.0008
271	788	0.002239104	0.00159936
272	1146	0.002239104	0.00159936
272	800	0.025533221	0.018238015
273	649	0.00112	0.0008
274	821	0.00112	0.0008
274	374	0.002239104	0.00159936
275	1549	0.00112	0.0008
276	972	0.00112	0.0008
277	965	0.574386555	0.41027611
278	490	0.004474622	0.003196158
278	2427	0.005591036	0.003993597
279	556	0.004474622	0.003196158
279	2464	0.005591036	0.003993597
280	1445	0.003357311	0.002398079
281	2338	0.00112	0.0008
282	1022	0.00112	0.0008
282	1666	0.00112	0.0008
282	2418	0.004474622	0.003196158
282	1699	0.017812437	0.012723169
282	2429	0.025533221	0.018238015
283	1398	0.002239104	0.00159936
283	504	0.004474622	0.003196158
283	1498	0.007821176	0.005586555
284	2286	0.015598431	0.011141737
284	924	0.016705882	0.011932773
285	2067	0.00112	0.0008
286	2016	0.00112	0.0008
287	409	0.004474622	0.003196158
287	1632	0.005591036	0.003993597
288	1525	0.002239104	0.00159936
288	1956	0.00112	0.0008
288	1682	0.004474622	0.003196158
289	1916	0.00112	0.0008
290	1316	0.00112	0.0008
291	1761	0.00112	0.0008
292	635	0.004474622	0.003196158
292	2317	0.043015798	0.03072557
293	1549	0.007821176	0.005586555
293	419	0.008934902	0.006382073
294	1931	0.00112	0.0008
295	935	0.00112	0.0008
296	1242	0.00112	0.0008
296	2058	0.002239104	0.00159936
297	1322	0.00112	0.0008
298	1891	0.00112	0.0008
298	1700	0.002239104	0.00159936
299	799	0.00112	0.0008
299	328	0.002239104	0.00159936
300	2422	0.128	0.091428571
300	1005	0.129012437	0.092151741
301	1425	0.00112	0.0008
301	2378	0.002239104	0.00159936
302	856	0.00112	0.0008
303	394	0.008934902	0.006382073
303	416	0.022229692	0.015878351
303	344	0.0122707	0.008764786
304	2046	0.00112	0.0008
305	1274	0.071997311	0.051426651
305	1496	0.070935574	0.050668267
306	1550	0.00112	0.0008
306	912	0.002239104	0.00159936
307	1165	0.00112	0.0008
307	1928	0.002239104	0.00159936
307	472	0.004474622	0.003196158
308	629	0.003357311	0.002398079
308	970	0.004474622	0.003196158
309	978	0.060268908	0.04304922
310	1011	0.045184986	0.03227499
310	1143	0.046268235	0.033048739
311	2016	0.010047731	0.007176951
311	507	0.011159664	0.007971188
312	650	0.00112	0.0008
313	1940	0.00112	0.0008
314	2445	0.00112	0.0008
314	1944	0.002239104	0.00159936
315	2009	0.00112	0.0008
315	968	0.004474622	0.003196158
316	704	0.002239104	0.00159936
317	1732	0.014490084	0.01035006
317	1584	0.015598431	0.011141737
318	350	0.00112	0.0008
319	2056	0.014490084	0.01035006
319	2259	0.015598431	0.011141737
320	1544	0.00112	0.0008
321	963	0.00112	0.0008
322	884	0.017812437	0.012723169
322	1858	0.018918095	0.013512925
323	2257	0.007821176	0.005586555
323	1363	0.008934902	0.006382073
324	739	0.00112	0.0008
325	1101	0.006706555	0.004790396
326	677	0.018918095	0.013512925
326	449	0.020022857	0.014302041
327	384	0.003357311	0.002398079
327	917	0.010047731	0.007176951
327	2292	0.011159664	0.007971188
327	2134	0.025533221	0.018238015
328	2219	0.003357311	0.002398079
328	2453	0.006706555	0.004790396
329	386	0.00112	0.0008
329	1089	0.00112	0.0008
329	814	0.003357311	0.002398079
330	1255	0.00112	0.0008
330	2272	0.00112	0.0008
330	1003	0.003357311	0.002398079
331	661	0.00112	0.0008
332	1150	0.047350588	0.033821849
332	1237	0.048432045	0.034594318
333	737	0.00112	0.0008
334	2140	0.003357311	0.002398079
334	1220	0.004474622	0.003196158
335	2144	0.00112	0.0008
336	2315	0.006706555	0.004790396
336	865	0.007821176	0.005586555
337	2380	0.006706555	0.004790396
337	805	0.021126723	0.015090516
338	604	0.00112	0.0008
339	1097	0.007821176	0.005586555
339	2169	0.008934902	0.006382073
340	692	0.002239104	0.00159936
340	1887	0.105499608	0.075356863
340	2145	0.108593389	0.077566707
341	2261	0.00112	0.0008
341	1960	0.005591036	0.003993597
342	1440	0.00112	0.0008
343	1267	0.00112	0.0008
344	732	0.00112	0.0008
344	544	0.002239104	0.00159936
344	1387	0.005591036	0.003993597
344	2499	0.00112	0.0008
345	712	0.00112	0.0008
345	940	0.191943978	0.137102841
345	2061	0.193851429	0.138465306
346	1330	0.00112	0.0008
347	1459	0.00112	0.0008
348	885	0.067744986	0.048389276
348	1523	0.066679664	0.047628331
349	1563	0.00112	0.0008
350	582	0.00112	0.0008
350	1857	0.003357311	0.002398079
351	1811	0.00112	0.0008
352	1124	0.00112	0.0008
352	1009	0.004474622	0.003196158
353	854	0.002239104	0.00159936
353	897	0.003357311	0.002398079
354	1571	0.656652549	0.469037535
354	1952	0.656931765	0.469236975
355	2472	0.00112	0.0008
356	1790	0.010047731	0.007176951
357	1984	0.00112	0.0008
357	1334	0.002239104	0.00159936
358	1720	0.00112	0.0008
359	942	0.00112	0.0008
360	473	0.002239104	0.00159936
360	2161	0.053825882	0.038447059
361	1406	0.006706555	0.004790396
361	1191	0.002239104	0.00159936
361	1750	0.010047731	0.007176951
362	1533	0.00112	0.0008
363	1024	0.002239104	0.00159936
364	1357	0.060268908	0.04304922
364	1484	0.061339608	0.043814006
365	2181	0.00112	0.0008
366	2232	0.005591036	0.003993597
366	2339	0.007821176	0.005586555
367	413	0.002239104	0.00159936
367	2312	0.00112	0.0008
367	2381	0.004474622	0.003196158
368	1547	0.005591036	0.003993597
369	1945	0.00112	0.0008
369	2131	0.007821176	0.005586555
369	2060	0.010047731	0.007176951
370	401	0.014490084	0.01035006
370	2030	0.026632605	0.019023289
371	2384	0.00112	0.0008
372	768	0.00112	0.0008
372	1807	0.003357311	0.002398079
372	2185	0.002239104	0.00159936
372	2319	0.007821176	0.005586555
373	2442	0.00112	0.0008
375	1431	0.546377143	0.390269388
375	2324	0.546901961	0.390644258
376	2019	0.0122707	0.008764786
376	1584	0.016705882	0.011932773
376	417	0.029925378	0.02137527
377	1553	0.00112	0.0008
378	2131	0.00112	0.0008
379	1310	0.002239104	0.00159936
379	2054	0.00112	0.0008
379	847	0.004474622	0.003196158
381	1538	0.002239104	0.00159936
382	1783	0.00112	0.0008
383	920	0.00112	0.0008
383	2465	0.004474622	0.003196158
383	1055	0.059197311	0.042283794
383	407	0.065613445	0.046866747
384	1319	0.00112	0.0008
384	1903	0.00112	0.0008
385	1327	0.006706555	0.004790396
385	2470	0.682531765	0.487522689
385	1754	0.681261176	0.486615126
387	1450	0.00112	0.0008
388	715	0.00112	0.0008
389	1330	0.00112	0.0008
390	1896	0.004474622	0.003196158
390	632	0.020022857	0.014302041
390	849	0.025533221	0.018238015
391	1854	0.034303193	0.024502281
392	1431	0.00112	0.0008
393	2071	0.00112	0.0008
394	1072	0.00112	0.0008
394	1355	0.002239104	0.00159936
394	615	0.004474622	0.003196158
395	558	0.00112	0.0008
396	1742	0.00112	0.0008
397	584	0.00112	0.0008
397	1327	0.002239104	0.00159936
398	908	0.229411765	0.163865546
398	2120	0.230330084	0.164521489
399	1712	0.00112	0.0008
399	1896	0.002239104	0.00159936
400	2061	0.202390588	0.144564706
400	908	0.203334902	0.145239216
402	684	0.00112	0.0008
403	1952	0.00112	0.0008
404	837	0.00112	0.0008
405	864	0.004474622	0.003196158
405	1463	0.005591036	0.003993597
407	630	0.066679664	0.047628331
408	423	0.00112	0.0008
408	1439	0.002239104	0.00159936
408	1731	0.003357311	0.002398079
408	1650	0.025533221	0.018238015
408	1270	0.583708683	0.416934774
408	2449	0.569591036	0.40685074
409	451	0.002239104	0.00159936
409	1147	0.00112	0.0008
410	590	0.00112	0.0008
411	923	0.00112	0.0008
412	451	0.00112	0.0008
414	1060	0.541613445	0.386866747
414	548	0.542146331	0.387247379
415	1530	0.00112	0.0008
416	1378	0.00112	0.0008
416	2288	0.024432941	0.017452101
417	932	0.002239104	0.00159936
417	1742	0.036486723	0.026061945
418	2059	0.036486723	0.026061945
418	511	0.037577143	0.026840816
419	1288	0.010047731	0.007176951
420	1596	0.002239104	0.00159936
420	2346	0.00112	0.0008
420	1059	0.031021176	0.022157983
420	1821	0.035395406	0.025282433
421	1881	0.00112	0.0008
421	1740	0.004474622	0.003196158
421	523	0.006706555	0.004790396
422	795	0.002239104	0.00159936
422	2369	0.003357311	0.002398079
424	1926	0.277718319	0.198370228
424	1270	0.278588235	0.198991597
425	1575	0.00112	0.0008
425	1717	0.00112	0.0008
425	2385	0.003357311	0.002398079
426	1757	0.015598431	0.011141737
427	1210	0.00112	0.0008
428	638	0.00112	0.0008
429	2145	0.00112	0.0008
430	2239	0.00112	0.0008
431	2223	0.003357311	0.002398079
431	1067	0.004474622	0.003196158
432	658	0.058124818	0.041517727
432	2388	0.059197311	0.042283794
433	596	0.00112	0.0008
434	2085	0.0122707	0.008764786
434	831	0.697411765	0.498151261
434	968	0.698207731	0.498719808
435	1042	0.002239104	0.00159936
435	2304	0.004474622	0.003196158
436	2143	0.00112	0.0008
437	1625	0.003357311	0.002398079
437	1387	0.004474622	0.003196158
438	1634	0.00112	0.0008
438	1720	0.053825882	0.038447059
439	1506	0.00112	0.0008
440	539	0.005591036	0.003993597
440	1531	0.006706555	0.004790396
441	646	0.00112	0.0008
441	1552	0.103432605	0.073880432
441	2186	0.106531765	0.076094118
442	716	0.00112	0.0008
443	2048	0.003357311	0.002398079
443	2254	0.00112	0.0008
443	2396	0.008934902	0.006382073
443	946	0.014490084	0.01035006
444	551	0.023331765	0.016665546
444	2436	0.021126723	0.015090516
444	605	0.047350588	0.033821849
445	2083	0.002239104	0.00159936
445	2466	0.002239104	0.00159936
445	2451	0.005591036	0.003993597
446	2077	0.00112	0.0008
446	1597	0.31098084	0.222129172
446	1083	0.313483025	0.223916447
447	1810	0.00112	0.0008
447	2079	0.005591036	0.003993597
448	1753	0.00112	0.0008
449	1155	0.021126723	0.015090516
450	1548	0.00112	0.0008
450	2076	0.007821176	0.005586555
452	1019	0.00112	0.0008
452	497	0.003357311	0.002398079
452	1576	0.005591036	0.003993597
453	943	0.00112	0.0008
454	1065	0.004474622	0.003196158
454	593	0.005591036	0.003993597
455	1756	0.00112	0.0008
455	2357	0.002239104	0.00159936
456	1178	0.004474622	0.003196158
457	2399	0.003357311	0.002398079
457	498	0.004474622	0.003196158
458	801	0.160937143	0.114955102
458	2407	0.16192	0.115657143
459	877	0.006706555	0.004790396
459	2201	0.063478319	0.045341657
460	1975	0.002239104	0.00159936
460	1595	0.024432941	0.017452101
460	2260	0.027731092	0.019807923
461	1468	0.00112	0.0008
462	2113	0.00112	0.0008
463	585	0.00112	0.0008
464	1266	0.00112	0.0008
464	1285	0.051671036	0.036907883
465	1066	0.00112	0.0008
466	637	0.003357311	0.002398079
467	1875	0.003357311	0.002398079
468	1624	0.00112	0.0008
469	1080	0.00112	0.0008
469	1808	0.002239104	0.00159936
470	904	0.00112	0.0008
470	1506	0.002239104	0.00159936
471	852	0.00112	0.0008
471	2211	0.0122707	0.008764786
471	1659	0.014490084	0.01035006
472	2211	0.008934902	0.006382073
473	914	0.00112	0.0008
474	1835	0.00112	0.0008
475	770	0.003357311	0.002398079
475	2464	0.017812437	0.012723169
475	1833	0.022229692	0.015878351
476	2348	0.00112	0.0008
477	1772	0.00112	0.0008
477	700	0.002239104	0.00159936
478	2456	0.00112	0.0008
478	952	0.002239104	0.00159936
479	662	0.002239104	0.00159936
479	2427	0.006706555	0.004790396
479	927	0.010047731	0.007176951
480	2144	0.002239104	0.00159936
480	606	0.003357311	0.002398079
481	801	0.00112	0.0008
482	905	0.00112	0.0008
483	1973	0.00112	0.0008
484	804	0.002239104	0.00159936
484	1848	0.043015798	0.03072557
484	1880	0.046268235	0.033048739
485	1734	0.002239104	0.00159936
486	2348	0.00112	0.0008
487	617	0.00112	0.0008
488	1803	0.00112	0.0008
488	1547	0.014490084	0.01035006
488	765	0.016705882	0.011932773
489	2046	0.002239104	0.00159936
489	1721	0.003357311	0.002398079
490	2245	0.003357311	0.002398079
491	895	0.00112	0.0008
491	1820	0.015598431	0.011141737
491	632	0.017812437	0.012723169
492	962	0.00112	0.0008
493	1294	0.029925378	0.02137527
494	1037	0.002239104	0.00159936
494	2074	0.00112	0.0008
494	1323	0.004474622	0.003196158
495	876	0.00112	0.0008
496	2029	0.00112	0.0008
497	1074	0.002239104	0.00159936
498	1322	0.002239104	0.00159936
498	1929	0.020022857	0.014302041
498	1474	0.027731092	0.019807923
499	1819	0.00112	0.0008
500	572	0.014490084	0.01035006
500	831	0.015598431	0.011141737
501	1754	0.00112	0.0008
502	1223	0.00112	0.0008
502	2223	0.002239104	0.00159936
503	2213	0.00112	0.0008
504	2220	0.003357311	0.002398079
505	2325	0.003357311	0.002398079
506	2191	0.00112	0.0008
507	1306	0.259243025	0.185173589
507	1253	0.26896986	0.192121329
508	602	0.003357311	0.002398079
508	1665	0.004474622	0.003196158
509	613	0.268090084	0.191492917
509	543	0.26896986	0.192121329
510	1277	0.00112	0.0008
510	1083	0.314315294	0.224510924
510	1295	0.315977143	0.225697959
511	1943	0.00112	0.0008
511	2419	0.039755294	0.028396639
512	2049	0.010047731	0.007176951
512	2162	0.00112	0.0008
512	1224	0.0122707	0.008764786
513	750	0.00112	0.0008
514	2299	0.002239104	0.00159936
514	782	0.003357311	0.002398079
515	2140	0.00112	0.0008
516	546	0.002239104	0.00159936
516	998	0.00112	0.0008
516	2156	0.00112	0.0008
516	1332	0.005591036	0.003993597
517	2199	0.00112	0.0008
517	556	0.002239104	0.00159936
518	2062	0.00112	0.0008
518	2279	0.037577143	0.026840816
519	1646	0.00112	0.0008
519	639	0.002239104	0.00159936
520	2117	0.00112	0.0008
522	1103	0.00112	0.0008
522	719	0.002239104	0.00159936
523	2143	0.014490084	0.01035006
523	2329	0.022229692	0.015878351
524	1380	0.00112	0.0008
525	1617	0.00112	0.0008
526	761	0.002239104	0.00159936
526	1651	0.003357311	0.002398079
527	1867	0.002239104	0.00159936
527	810	0.003357311	0.002398079
529	2432	0.014490084	0.01035006
529	1696	0.015598431	0.011141737
530	777	0.338061176	0.241472269
530	1719	0.337254902	0.240896359
531	827	0.00112	0.0008
532	1257	0.00112	0.0008
533	739	0.002239104	0.00159936
533	626	0.049512605	0.035366146
533	1882	0.062409412	0.044578151
534	784	0.002239104	0.00159936
534	1621	0.00112	0.0008
534	1878	0.00112	0.0008
535	1285	0.00112	0.0008
536	796	0.00112	0.0008
536	1026	0.00112	0.0008
536	2033	0.00112	0.0008
536	1571	0.011159664	0.007971188
538	1201	0.00112	0.0008
538	1531	0.002239104	0.00159936
539	1535	0.00112	0.0008
539	1933	0.002239104	0.00159936
540	2478	0.00112	0.0008
540	1931	0.002239104	0.00159936
541	1918	0.002239104	0.00159936
541	1121	0.003357311	0.002398079
542	2044	0.00112	0.0008
543	782	0.269848739	0.1927491
544	1775	0.00112	0.0008
545	1014	0.004474622	0.003196158
545	2267	0.005591036	0.003993597
547	1213	0.00112	0.0008
548	1902	0.00112	0.0008
548	2158	0.543739608	0.388385434
549	1241	0.002239104	0.00159936
549	1199	0.003357311	0.002398079
550	2465	0.00112	0.0008
551	1770	0.005591036	0.003993597
551	1760	0.002239104	0.00159936
551	1988	0.002239104	0.00159936
551	1576	0.0122707	0.008764786
552	1514	0.00112	0.0008
553	986	0.00112	0.0008
553	2093	0.00112	0.0008
553	2435	0.0122707	0.008764786
553	2303	0.015598431	0.011141737
554	1187	0.010047731	0.007176951
554	1105	0.011159664	0.007971188
555	1146	0.00112	0.0008
556	780	0.00112	0.0008
557	1559	0.00112	0.0008
557	1421	0.002239104	0.00159936
558	614	0.00112	0.0008
558	1938	0.024432941	0.017452101
558	562	0.557210084	0.398007203
558	1645	0.569591036	0.40685074
559	2253	0.00112	0.0008
560	2284	0.00112	0.0008
560	1489	0.002239104	0.00159936
561	2325	0.00112	0.0008
562	1234	0.556703193	0.397645138
563	1979	0.00112	0.0008
564	616	0.00112	0.0008
565	2014	0.00112	0.0008
566	919	0.00112	0.0008
566	1349	0.00112	0.0008
566	1980	0.003357311	0.002398079
567	1520	0.00112	0.0008
568	2119	0.00112	0.0008
569	1759	0.00112	0.0008
570	772	0.002239104	0.00159936
570	806	0.003357311	0.002398079
572	990	0.005591036	0.003993597
572	1447	0.007821176	0.005586555
573	1374	0.00112	0.0008
574	1627	0.00112	0.0008
574	1071	0.033210084	0.023721489
574	723	0.020022857	0.014302041
574	1442	0.054901961	0.039215686
576	1920	0.004474622	0.003196158
577	898	0.3516307	0.251164786
577	2155	0.350839664	0.25059976
579	1652	0.00112	0.0008
579	1774	0.00112	0.0008
579	1604	0.003357311	0.002398079
580	1976	0.00112	0.0008
581	1616	0.00112	0.0008
583	1021	0.002239104	0.00159936
583	839	0.003357311	0.002398079
585	1668	0.002239104	0.00159936
586	2364	0.010047731	0.007176951
586	2240	0.0122707	0.008764786
587	1488	0.113731765	0.081236975
587	1389	0.114756751	0.081969108
588	616	0.005591036	0.003993597
588	1203	0.006706555	0.004790396
590	1129	0.026632605	0.019023289
590	2153	0.028828683	0.020591917
591	909	0.00112	0.0008
592	696	0.00112	0.0008
592	1014	0.002239104	0.00159936
593	1888	0.003357311	0.002398079
593	2247	0.00112	0.0008
593	1568	0.011159664	0.007971188
594	1906	0.00112	0.0008
594	2485	0.00112	0.0008
594	864	0.003357311	0.002398079
595	1439	0.00112	0.0008
596	1070	0.095128739	0.0679491
596	656	0.007821176	0.005586555
596	1887	0.104466555	0.074618968
597	1053	0.085718319	0.061227371
597	2168	0.086767507	0.061976791
598	1979	0.003357311	0.002398079
598	940	0.190988908	0.136420648
600	2037	0.00112	0.0008
600	2308	0.015598431	0.011141737
600	677	0.017812437	0.012723169
601	2490	0.00112	0.0008
602	2477	0.002239104	0.00159936
603	1751	0.00112	0.0008
603	913	0.005591036	0.003993597
604	1463	0.006706555	0.004790396
604	1357	0.059197311	0.042283794
606	1848	0.004474622	0.003196158
607	999	0.037577143	0.026840816
607	1674	0.038666667	0.027619048
608	1637	0.00112	0.0008
608	1735	0.00112	0.0008
608	1385	0.249407731	0.178148379
608	1470	0.252996751	0.180711965
609	1033	0.00112	0.0008
610	698	0.00112	0.0008
611	1804	0.002239104	0.00159936
611	1572	0.626039664	0.447171188
611	1558	0.627130084	0.44795006
612	1058	0.00112	0.0008
613	792	0.002239104	0.00159936
613	2350	0.265445378	0.189603842
615	1469	0.003357311	0.002398079
616	2095	0.003357311	0.002398079
617	1251	0.002239104	0.00159936
618	2274	0.00112	0.0008
618	2356	0.002239104	0.00159936
619	1534	0.00112	0.0008
619	2341	0.00112	0.0008
619	1989	0.003357311	0.002398079
620	1516	0.00112	0.0008
621	2354	0.00112	0.0008
622	1947	0.002239104	0.00159936
622	1840	0.004474622	0.003196158
623	750	0.002239104	0.00159936
623	1743	0.003357311	0.002398079
624	1491	0.00112	0.0008
624	2258	0.008934902	0.006382073
625	757	0.00112	0.0008
626	1852	0.048432045	0.034594318
628	1820	0.00112	0.0008
629	2214	0.002239104	0.00159936
630	827	0.008934902	0.006382073
630	1897	0.024432941	0.017452101
630	2024	0.099287843	0.070919888
631	1166	0.68410084	0.488643457
631	2476	0.683930084	0.488521489
632	1354	0.00112	0.0008
633	1505	0.00112	0.0008
633	1826	0.054901961	0.039215686
633	849	0.052748908	0.037677791
634	861	0.00112	0.0008
634	1836	0.003357311	0.002398079
635	1239	0.00112	0.0008
635	1478	0.00112	0.0008
635	2154	0.00112	0.0008
636	2249	0.00112	0.0008
636	906	0.002239104	0.00159936
637	1586	0.00112	0.0008
637	1270	0.005591036	0.003993597
638	856	0.002239104	0.00159936
639	924	0.017812437	0.012723169
639	958	0.021126723	0.015090516
640	1473	0.00112	0.0008
641	1241	0.00112	0.0008
642	1044	0.00112	0.0008
643	1656	0.00112	0.0008
644	1014	0.00112	0.0008
645	956	0.00112	0.0008
647	1791	0.00112	0.0008
647	1684	0.491209412	0.350863866
647	1763	0.494866555	0.35347611
648	2469	0.00112	0.0008
649	866	0.002239104	0.00159936
651	686	0.00112	0.0008
651	1742	0.002239104	0.00159936
652	2239	0.033210084	0.023721489
652	1070	0.034303193	0.024502281
653	1845	0.045184986	0.03227499
653	794	0.046268235	0.033048739
654	1566	0.00112	0.0008
655	945	0.004474622	0.003196158
655	2131	0.005591036	0.003993597
656	2494	0.006706555	0.004790396
657	1909	0.00112	0.0008
657	832	0.004474622	0.003196158
657	1323	0.017812437	0.012723169
657	1577	0.024432941	0.017452101
658	1905	0.057051429	0.04075102
659	2400	0.00112	0.0008
660	1512	0.00112	0.0008
660	866	0.010047731	0.007176951
660	1744	0.0122707	0.008764786
661	958	0.022229692	0.015878351
661	1208	0.025533221	0.018238015
663	1525	0.00112	0.0008
664	704	0.00112	0.0008
665	1920	0.00112	0.0008
666	1817	0.004474622	0.003196158
666	756	0.005591036	0.003993597
667	841	0.005591036	0.003993597
667	737	0.006706555	0.004790396
670	1739	0.005591036	0.003993597
670	1982	0.00112	0.0008
670	992	0.007821176	0.005586555
671	1271	0.00112	0.0008
672	868	0.00112	0.0008
672	1884	0.002239104	0.00159936
673	1581	0.049512605	0.035366146
673	1829	0.050592269	0.036137335
674	1160	0.080458936	0.057470668
674	1738	0.081512605	0.058223289
675	2455	0.002239104	0.00159936
675	2475	0.003357311	0.002398079
676	1157	0.00112	0.0008
676	1458	0.00112	0.0008
676	985	0.003357311	0.002398079
678	1685	0.00112	0.0008
679	1829	0.051671036	0.036907883
679	953	0.052748908	0.037677791
680	2318	0.00112	0.0008
681	2107	0.00112	0.0008
682	1063	0.00112	0.0008
683	2174	0.00112	0.0008
684	1356	0.004474622	0.003196158
684	997	0.006706555	0.004790396
687	2494	0.00112	0.0008
688	743	0.0122707	0.008764786
688	2094	0.016705882	0.011932773
688	1059	0.029925378	0.02137527
689	1875	0.00112	0.0008
691	1180	0.004474622	0.003196158
693	1469	0.00112	0.0008
694	1400	0.632112045	0.451508603
695	2259	0.029925378	0.02137527
695	1622	0.031021176	0.022157983
697	2409	0.0122707	0.008764786
697	1971	0.087815798	0.06272557
697	2414	0.101362017	0.072401441
698	2090	0.002239104	0.00159936
699	1503	0.005591036	0.003993597
699	1983	0.006706555	0.004790396
700	2256	0.005591036	0.003993597
701	1924	0.00112	0.0008
703	736	0.00112	0.0008
703	2244	0.002239104	0.00159936
704	2305	0.004474622	0.003196158
705	1922	0.00112	0.0008
706	1110	0.00112	0.0008
706	2132	0.016705882	0.011932773
706	1813	0.018918095	0.013512925
707	1976	0.489983193	0.349987995
707	1684	0.490596751	0.350426251
708	1863	0.011159664	0.007971188
708	1924	0.0122707	0.008764786
709	1831	0.00112	0.0008
710	1237	0.00112	0.0008
711	2026	0.00112	0.0008
713	2431	0.004474622	0.003196158
713	2371	0.005591036	0.003993597
714	941	0.00112	0.0008
715	1967	0.002239104	0.00159936
717	1390	0.00112	0.0008
717	2228	0.002239104	0.00159936
718	1235	0.00112	0.0008
719	798	0.00112	0.0008
719	2167	0.004474622	0.003196158
719	2306	0.002239104	0.00159936
719	1869	0.011159664	0.007971188
720	1280	0.00112	0.0008
720	2480	0.00112	0.0008
720	1041	0.003357311	0.002398079
721	812	0.00112	0.0008
721	2471	0.002239104	0.00159936
723	2227	0.018918095	0.013512925
724	1975	0.00112	0.0008
725	2303	0.018918095	0.013512925
725	1719	0.336447731	0.240319808
725	1468	0.321765378	0.229832413
727	2070	0.00112	0.0008
727	2360	0.002239104	0.00159936
727	1249	0.004474622	0.003196158
728	2348	0.036486723	0.026061945
728	1848	0.037577143	0.026840816
729	2311	0.003357311	0.002398079
729	2452	0.00112	0.0008
729	1484	0.006706555	0.004790396
730	1032	0.00112	0.0008
731	1307	0.00112	0.0008
731	2265	0.023331765	0.016665546
731	760	0.025533221	0.018238015
733	934	0.00112	0.0008
733	1590	0.00112	0.0008
733	1070	0.060268908	0.04304922
734	1642	0.00112	0.0008
735	1471	0.003357311	0.002398079
737	2435	0.008934902	0.006382073
738	1527	0.003357311	0.002398079
738	1872	0.002239104	0.00159936
740	1913	0.00112	0.0008
740	2047	0.002239104	0.00159936
741	1980	0.00112	0.0008
742	1564	0.00112	0.0008
742	777	0.002239104	0.00159936
743	1383	0.00112	0.0008
743	1761	0.002239104	0.00159936
744	2490	0.00112	0.0008
745	2355	0.00112	0.0008
745	2420	0.00112	0.0008
745	2396	0.003357311	0.002398079
746	1111	0.113731765	0.081236975
746	973	0.450192045	0.321565746
746	898	0.373415798	0.26672557
747	797	0.00112	0.0008
748	1228	0.00112	0.0008
748	2022	0.002239104	0.00159936
749	774	0.00112	0.0008
749	1317	0.00112	0.0008
749	1077	0.003357311	0.002398079
751	1875	0.026632605	0.019023289
751	1814	0.027731092	0.019807923
752	1301	0.011159664	0.007971188
754	1597	0.00112	0.0008
755	1421	0.024432941	0.017452101
755	2329	0.023331765	0.016665546
755	2051	0.048432045	0.034594318
756	2201	0.006706555	0.004790396
757	1108	0.002239104	0.00159936
758	1399	0.00112	0.0008
759	1669	0.00112	0.0008
760	1428	0.026632605	0.019023289
761	1012	0.00112	0.0008
762	910	0.00112	0.0008
763	2214	0.00112	0.0008
764	1096	0.00112	0.0008
764	2491	0.00112	0.0008
764	1991	0.003357311	0.002398079
765	1490	0.017812437	0.012723169
766	2145	0.00112	0.0008
767	1518	0.00112	0.0008
769	1494	0.00112	0.0008
771	1752	0.00112	0.0008
771	1925	0.00112	0.0008
771	928	0.003357311	0.002398079
772	2410	0.00112	0.0008
773	975	0.00112	0.0008
773	2097	0.00112	0.0008
773	2258	0.003357311	0.002398079
775	2477	0.00112	0.0008
776	867	0.00112	0.0008
776	1271	0.002239104	0.00159936
777	2400	0.011159664	0.007971188
777	2155	0.350047731	0.250034094
778	2153	0.031021176	0.022157983
778	1851	0.033210084	0.023721489
779	1161	0.00112	0.0008
779	1554	0.00112	0.0008
779	893	0.003357311	0.002398079
782	1528	0.273355294	0.195253782
783	1965	0.00112	0.0008
784	1236	0.00112	0.0008
785	1797	0.00112	0.0008
786	1330	0.04410084	0.0315006
786	1905	0.045184986	0.03227499
787	1617	0.0122707	0.008764786
787	1560	0.01338084	0.009557743
788	2339	0.008934902	0.006382073
788	896	0.0122707	0.008764786
789	2442	0.00112	0.0008
790	1298	0.005591036	0.003993597
790	1800	0.006706555	0.004790396
791	1332	0.010047731	0.007176951
791	2388	0.699021176	0.49930084
791	1569	0.698501289	0.498929492
792	1438	0.00112	0.0008
793	870	0.00112	0.0008
793	1265	0.002239104	0.00159936
794	2241	0.047350588	0.033821849
795	2066	0.00112	0.0008
797	1075	0.004474622	0.003196158
800	1076	0.003357311	0.002398079
801	2096	0.00112	0.0008
801	1370	0.157983193	0.112845138
802	1192	0.00112	0.0008
803	2134	0.00112	0.0008
804	1859	0.00112	0.0008
806	2463	0.004474622	0.003196158
807	2385	0.004474622	0.003196158
807	2463	0.005591036	0.003993597
808	2362	0.020022857	0.014302041
808	1160	0.021126723	0.015090516
809	1362	0.00112	0.0008
810	1499	0.00112	0.0008
810	2228	0.008934902	0.006382073
810	2195	0.014490084	0.01035006
811	1785	0.00112	0.0008
813	1114	0.00112	0.0008
813	1259	0.002239104	0.00159936
814	1857	0.004474622	0.003196158
815	1633	0.00112	0.0008
816	1427	0.003357311	0.002398079
816	2177	0.004474622	0.003196158
817	1691	0.00112	0.0008
818	1222	0.00112	0.0008
819	2117	0.007821176	0.005586555
819	1875	0.008934902	0.006382073
820	2426	0.004474622	0.003196158
820	1617	0.005591036	0.003993597
823	2245	0.00112	0.0008
824	2424	0.007821176	0.005586555
824	1746	0.008934902	0.006382073
825	865	0.00112	0.0008
826	1099	0.00112	0.0008
827	1920	0.006706555	0.004790396
828	2227	0.00112	0.0008
829	1340	0.00112	0.0008
830	1321	0.00112	0.0008
831	2026	0.002239104	0.00159936
831	1494	0.696063193	0.497187995
832	1130	0.003357311	0.002398079
833	1683	0.00112	0.0008
834	2376	0.00112	0.0008
835	963	0.008934902	0.006382073
835	1937	0.010047731	0.007176951
836	1108	0.01338084	0.009557743
836	884	0.014490084	0.01035006
837	1360	0.003357311	0.002398079
837	2333	0.004474622	0.003196158
837	1428	0.027731092	0.019807923
837	1457	0.037577143	0.026840816
838	1931	0.004474622	0.003196158
838	2315	0.005591036	0.003993597
839	2453	0.007821176	0.005586555
839	2196	0.0122707	0.008764786
840	1563	0.002239104	0.00159936
840	1924	0.016705882	0.011932773
840	1977	0.020022857	0.014302041
841	1321	0.002239104	0.00159936
841	1423	0.002239104	0.00159936
842	1604	0.00112	0.0008
843	1819	0.00112	0.0008
844	1528	0.00112	0.0008
845	1683	0.045184986	0.03227499
846	1911	0.004474622	0.003196158
846	1977	0.025533221	0.018238015
846	1724	0.031021176	0.022157983
847	1522	0.00112	0.0008
847	1400	0.006706555	0.004790396
848	2458	0.00112	0.0008
848	1480	0.002239104	0.00159936
849	2288	0.026632605	0.019023289
850	1021	0.00112	0.0008
851	1031	0.007821176	0.005586555
851	2159	0.008934902	0.006382073
853	977	0.00112	0.0008
854	2474	0.00112	0.0008
855	2120	0.00112	0.0008
856	1991	0.004474622	0.003196158
857	912	0.00112	0.0008
858	1128	0.00112	0.0008
859	2198	0.005591036	0.003993597
859	2406	0.002239104	0.00159936
859	937	0.008934902	0.006382073
860	1866	0.003357311	0.002398079
860	1816	0.004474622	0.003196158
862	982	0.00112	0.0008
862	1961	0.026632605	0.019023289
863	2108	0.00112	0.0008
865	1934	0.00112	0.0008
865	1417	0.006706555	0.004790396
865	1456	0.017812437	0.012723169
866	912	0.006706555	0.004790396
869	2119	0.00112	0.0008
871	1849	0.00112	0.0008
871	1940	0.008934902	0.006382073
871	1742	0.045184986	0.03227499
871	1429	0.055977143	0.039983673
872	1276	0.003357311	0.002398079
873	884	0.00112	0.0008
874	1222	0.00112	0.0008
875	1010	0.00112	0.0008
875	2084	0.002239104	0.00159936
876	1866	0.002239104	0.00159936
877	2207	0.00112	0.0008
877	2443	0.002239104	0.00159936
878	2278	0.007821176	0.005586555
879	1446	0.00112	0.0008
880	1679	0.00112	0.0008
880	1546	0.003357311	0.002398079
881	1008	0.002239104	0.00159936
881	1285	0.060268908	0.04304922
881	1396	0.065613445	0.046866747
882	1889	0.00112	0.0008
882	2118	0.004474622	0.003196158
883	2375	0.00112	0.0008
884	1476	0.00112	0.0008
885	1496	0.069872941	0.049909244
886	1334	0.00112	0.0008
887	1459	0.005591036	0.003993597
887	2330	0.00112	0.0008
887	1287	0.007821176	0.005586555
889	2141	0.00112	0.0008
890	1919	0.00112	0.0008
890	1332	0.002239104	0.00159936
891	1817	0.00112	0.0008
892	2151	0.006706555	0.004790396
893	1790	0.007821176	0.005586555
894	1479	0.00112	0.0008
894	1544	0.002239104	0.00159936
896	1709	0.005591036	0.003993597
896	1314	0.018918095	0.013512925
897	1818	0.004474622	0.003196158
899	1196	0.00112	0.0008
899	1708	0.011159664	0.007971188
899	1990	0.01338084	0.009557743
900	1910	0.00112	0.0008
900	2088	0.00112	0.0008
900	1900	0.116804034	0.083431453
900	1570	0.119868235	0.085620168
901	1963	0.294093445	0.210066747
901	2469	0.294946331	0.21067595
902	2053	0.00112	0.0008
902	2467	0.002239104	0.00159936
903	1565	0.004474622	0.003196158
905	1618	0.00112	0.0008
905	991	0.003357311	0.002398079
906	1487	0.00112	0.0008
906	2259	0.004474622	0.003196158
907	1809	0.00112	0.0008
908	1715	0.029925378	0.02137527
909	1177	0.002239104	0.00159936
909	1773	0.004474622	0.003196158
910	1519	0.00112	0.0008
910	1123	0.003357311	0.002398079
911	1443	0.00112	0.0008
911	2363	0.002239104	0.00159936
912	1412	0.00112	0.0008
912	1585	0.00112	0.0008
913	1471	0.006706555	0.004790396
915	1212	0.00112	0.0008
916	1706	0.00112	0.0008
918	2306	0.00112	0.0008
921	1782	0.00112	0.0008
922	1546	0.005591036	0.003993597
922	2071	0.006706555	0.004790396
923	1613	0.015598431	0.011141737
923	1270	0.017812437	0.012723169
925	1070	0.00112	0.0008
926	1904	0.00112	0.0008
927	1668	0.011159664	0.007971188
928	2422	0.004474622	0.003196158
929	1734	0.00112	0.0008
930	1203	0.010047731	0.007176951
930	2352	0.011159664	0.007971188
931	1635	0.01338084	0.009557743
932	1418	0.00112	0.0008
933	2193	0.00112	0.0008
933	1536	0.029925378	0.02137527
933	2098	0.032116078	0.022940056
935	1901	0.002239104	0.00159936
937	1595	0.010047731	0.007176951
938	2104	0.018918095	0.013512925
938	1970	0.020022857	0.014302041
939	1113	0.016705882	0.011932773
939	1208	0.027731092	0.019807923
939	1818	0.005591036	0.003993597
939	978	0.050592269	0.036137335
942	2297	0.002239104	0.00159936
943	2111	0.002239104	0.00159936
944	1882	0.634537143	0.453240816
945	1057	0.003357311	0.002398079
946	1113	0.015598431	0.011141737
947	1486	0.00112	0.0008
948	1142	0.00112	0.0008
948	2098	0.033210084	0.023721489
948	955	0.059197311	0.042283794
948	2314	0.615473389	0.43962385
949	2164	0.002239104	0.00159936
949	1227	0.003357311	0.002398079
950	1343	0.00112	0.0008
951	2252	0.00112	0.0008
952	1343	0.003357311	0.002398079
952	2413	0.006706555	0.004790396
953	1205	0.00112	0.0008
953	2276	0.00112	0.0008
953	2266	0.055977143	0.039983673
954	1417	0.00112	0.0008
955	1693	0.00112	0.0008
955	2068	0.057051429	0.04075102
956	1883	0.003357311	0.002398079
956	2195	0.005591036	0.003993597
957	1520	0.002239104	0.00159936
959	1817	0.002239104	0.00159936
960	2268	0.00112	0.0008
960	1836	0.002239104	0.00159936
961	1850	0.00112	0.0008
962	1616	0.002239104	0.00159936
962	1532	0.004474622	0.003196158
963	1773	0.006706555	0.004790396
964	1876	0.00112	0.0008
965	1524	0.005591036	0.003993597
965	1837	0.57152	0.408228571
966	2231	0.006706555	0.004790396
966	1560	0.011159664	0.007971188
967	2375	0.002239104	0.00159936
968	1957	0.698501289	0.498929492
969	1426	0.00112	0.0008
970	2283	0.00112	0.0008
970	978	0.007821176	0.005586555
971	1049	0.00112	0.0008
971	1081	0.002239104	0.00159936
972	1963	0.002239104	0.00159936
973	1363	0.450861176	0.322043697
974	1773	0.00112	0.0008
976	1792	0.00112	0.0008
976	1527	0.002239104	0.00159936
978	1846	0.00112	0.0008
979	1713	0.058124818	0.041517727
980	1388	0.00112	0.0008
980	1221	0.043015798	0.03072557
980	2161	0.045184986	0.03227499
983	1132	0.00112	0.0008
984	2435	0.00112	0.0008
985	1630	0.004474622	0.003196158
987	2171	0.002239104	0.00159936
987	1990	0.003357311	0.002398079
988	2170	0.004474622	0.003196158
989	1555	0.00112	0.0008
989	2211	0.002239104	0.00159936
990	1520	0.004474622	0.003196158
991	2494	0.004474622	0.003196158
992	1795	0.00112	0.0008
992	1923	0.00112	0.0008
992	1460	0.011159664	0.007971188
994	1305	0.00112	0.0008
994	1579	0.00112	0.0008
994	2379	0.00112	0.0008
994	2228	0.004474622	0.003196158
995	1509	0.005591036	0.003993597
995	1841	0.004474622	0.003196158
996	2342	0.015598431	0.011141737
996	1000	0.618946331	0.442104522
996	2394	0.624573221	0.446123729
997	2226	0.007821176	0.005586555
999	1821	0.036486723	0.026061945
1000	1333	0.616639104	0.440456503
1001	2423	0.011159664	0.007971188
1002	1828	0.00112	0.0008
1003	2198	0.004474622	0.003196158
1005	2081	0.002239104	0.00159936
1005	1655	0.134061176	0.095757983
1006	1034	0.00112	0.0008
1006	2237	0.00112	0.0008
1006	2316	0.003357311	0.002398079
1007	1342	0.00112	0.0008
1007	2344	0.00112	0.0008
1007	2363	0.003357311	0.002398079
1008	1263	0.00112	0.0008
1009	1206	0.00112	0.0008
1009	1732	0.006706555	0.004790396
1011	2437	0.04410084	0.0315006
1013	1373	0.00112	0.0008
1013	2121	0.007821176	0.005586555
1015	1663	0.00112	0.0008
1017	1432	0.476258151	0.340184394
1018	1287	0.008934902	0.006382073
1018	1664	0.010047731	0.007176951
1020	2228	0.00112	0.0008
1023	2406	0.00112	0.0008
1024	1409	0.00112	0.0008
1027	2189	0.00112	0.0008
1027	1569	0.69844437	0.498888836
1027	1115	0.698327843	0.498805602
1028	1302	0.00112	0.0008
1028	1492	0.003357311	0.002398079
1030	1367	0.002239104	0.00159936
1030	2018	0.024432941	0.017452101
1031	1397	0.00112	0.0008
1032	2231	0.005591036	0.003993597
1033	2419	0.002239104	0.00159936
1035	1392	0.00112	0.0008
1036	1449	0.00112	0.0008
1038	1189	0.00112	0.0008
1039	2151	0.002239104	0.00159936
1040	1839	0.00112	0.0008
1041	1106	0.319290084	0.228064346
1041	1380	0.120887843	0.086348459
1041	1720	0.216461176	0.154615126
1043	1168	0.005591036	0.003993597
1044	2496	0.003357311	0.002398079
1044	2027	0.005591036	0.003993597
1045	1858	0.020022857	0.014302041
1045	2439	0.021126723	0.015090516
1046	1745	0.00112	0.0008
1047	1493	0.003357311	0.002398079
1047	1949	0.006706555	0.004790396
1047	1346	0.011159664	0.007971188
1050	1619	0.00112	0.0008
1050	1200	0.002239104	0.00159936
1052	1433	0.00112	0.0008
1053	1738	0.084668235	0.060477311
1054	2391	0.00112	0.0008
1055	2195	0.025533221	0.018238015
1055	1724	0.032116078	0.022940056
1056	1989	0.00112	0.0008
1057	1801	0.00112	0.0008
1057	2454	0.00112	0.0008
1058	2071	0.008934902	0.006382073
1058	1699	0.011159664	0.007971188
1060	1671	0.086767507	0.061976791
1060	1763	0.495472941	0.353909244
1061	2426	0.00112	0.0008
1062	1789	0.00112	0.0008
1062	1582	0.319290084	0.228064346
1062	2487	0.00112	0.0008
1062	1987	0.321765378	0.229832413
1063	1516	0.081512605	0.058223289
1063	1274	0.07940437	0.056717407
1064	1139	0.00112	0.0008
1066	1924	0.002239104	0.00159936
1067	1391	0.00112	0.0008
1067	1122	0.002239104	0.00159936
1067	2447	0.0122707	0.008764786
1068	1324	0.00112	0.0008
1068	1645	0.570074622	0.407196158
1068	1837	0.571039104	0.407885074
1069	1183	0.00112	0.0008
1069	1683	0.002239104	0.00159936
1071	1120	0.00112	0.0008
1071	1691	0.031021176	0.022157983
1073	2135	0.00112	0.0008
1073	2087	0.002239104	0.00159936
1074	1304	0.00112	0.0008
1075	1692	0.003357311	0.002398079
1077	1288	0.0122707	0.008764786
1077	2436	0.020022857	0.014302041
1078	2317	0.047350588	0.033821849
1078	2051	0.049512605	0.035366146
1079	1456	0.018918095	0.013512925
1081	1271	0.004474622	0.003196158
1081	1778	0.007821176	0.005586555
1082	1475	0.002239104	0.00159936
1082	2298	0.003357311	0.002398079
1085	1635	0.014490084	0.01035006
1085	2227	0.015598431	0.011141737
1086	1530	0.00112	0.0008
1088	1131	0.00112	0.0008
1088	1644	0.002239104	0.00159936
1090	1675	0.002239104	0.00159936
1090	2317	0.003357311	0.002398079
1092	1492	0.002239104	0.00159936
1093	1118	0.00112	0.0008
1093	1935	0.002239104	0.00159936
1095	2422	0.00112	0.0008
1097	1372	0.00112	0.0008
1097	1730	0.00112	0.0008
1097	1722	0.004474622	0.003196158
1099	2370	0.002239104	0.00159936
1100	2363	0.00112	0.0008
1101	2172	0.005591036	0.003993597
1102	2309	0.00112	0.0008
1104	1835	0.027731092	0.019807923
1104	1715	0.028828683	0.020591917
1105	1359	0.00112	0.0008
1105	2324	0.548471036	0.391765026
1105	2473	0.554666667	0.396190476
1106	1468	0.320116078	0.228654342
1107	1211	0.00112	0.0008
1108	2146	0.010047731	0.007176951
1109	2465	0.00112	0.0008
1111	2184	0.112705882	0.080504202
1112	1470	0.255679104	0.182627931
1112	1954	0.263677759	0.188341257
1115	2347	0.002239104	0.00159936
1115	1166	0.698146331	0.49867595
1116	1190	0.00112	0.0008
1117	2298	0.004474622	0.003196158
1117	1699	0.005591036	0.003993597
1119	1673	0.002239104	0.00159936
1119	1727	0.002239104	0.00159936
1119	1316	0.005591036	0.003993597
1121	2417	0.004474622	0.003196158
1122	1529	0.00112	0.0008
1123	1964	0.004474622	0.003196158
1125	1950	0.00112	0.0008
1125	1957	0.002239104	0.00159936
1127	1433	0.002239104	0.00159936
1127	2181	0.003357311	0.002398079
1128	2333	0.002239104	0.00159936
1129	1247	0.00112	0.0008
1129	1139	0.024432941	0.017452101
1130	1647	0.002239104	0.00159936
1132	1153	0.002239104	0.00159936
1133	1364	0.00112	0.0008
1134	2496	0.00112	0.0008
1135	1638	0.002239104	0.00159936
1135	2187	0.003357311	0.002398079
1135	2121	0.011159664	0.007971188
1136	1394	0.00112	0.0008
1136	2027	0.002239104	0.00159936
1137	1490	0.018918095	0.013512925
1137	1420	0.020022857	0.014302041
1138	1840	0.005591036	0.003993597
1138	1850	0.006706555	0.004790396
1139	1965	0.004474622	0.003196158
1140	1482	0.00112	0.0008
1140	2423	0.002239104	0.00159936
1141	1937	0.00112	0.0008
1143	1733	0.00112	0.0008
1143	2492	0.010047731	0.007176951
1143	1160	0.059197311	0.042283794
1144	1215	0.00112	0.0008
1148	1500	0.008934902	0.006382073
1148	2489	0.00112	0.0008
1148	1517	0.011159664	0.007971188
1149	2169	0.698772437	0.499123169
1150	1662	0.046268235	0.033048739
1153	1844	0.00112	0.0008
1153	2052	0.00112	0.0008
1153	1371	0.005591036	0.003993597
1154	1200	0.003357311	0.002398079
1154	2336	0.027731092	0.019807923
1154	1389	0.11578084	0.0827006
1154	1987	0.145089524	0.103635374
1155	1329	0.022229692	0.015878351
1156	2191	0.002239104	0.00159936
1156	2099	0.003357311	0.002398079
1158	2064	0.00112	0.0008
1158	2018	0.002239104	0.00159936
1159	2331	0.00112	0.0008
1159	2334	0.007821176	0.005586555
1159	2019	0.010047731	0.007176951
1162	1900	0.003357311	0.002398079
1163	2150	0.00112	0.0008
1163	1665	0.006706555	0.004790396
1163	1220	0.010047731	0.007176951
1164	1851	0.034303193	0.024502281
1164	1246	0.124957311	0.089255222
1164	1370	0.156996751	0.112140536
1167	2365	0.00112	0.0008
1167	2468	0.002239104	0.00159936
1168	1515	0.004474622	0.003196158
1168	1964	0.006706555	0.004790396
1168	2104	0.017812437	0.012723169
1169	2047	0.00112	0.0008
1170	2428	0.002239104	0.00159936
1170	1987	0.003357311	0.002398079
1171	1543	0.00112	0.0008
1172	2391	0.008934902	0.006382073
1173	1955	0.00112	0.0008
1174	2466	0.00112	0.0008
1175	1316	0.005591036	0.003993597
1176	2240	0.025533221	0.018238015
1176	1809	0.026632605	0.019023289
1177	2461	0.00112	0.0008
1178	1834	0.005591036	0.003993597
1179	2250	0.00112	0.0008
1180	1328	0.003357311	0.002398079
1181	2161	0.00112	0.0008
1184	1991	0.002239104	0.00159936
1185	2243	0.00112	0.0008
1186	2416	0.00112	0.0008
1187	1690	0.00112	0.0008
1187	2160	0.006706555	0.004790396
1187	2495	0.00112	0.0008
1188	2460	0.00112	0.0008
1189	1500	0.002239104	0.00159936
1190	1883	0.002239104	0.00159936
1191	2434	0.00112	0.0008
1193	2031	0.00112	0.0008
1193	1952	0.002239104	0.00159936
1194	2085	0.00112	0.0008
1195	1344	0.002239104	0.00159936
1195	1212	0.003357311	0.002398079
1198	1598	0.003357311	0.002398079
1198	2256	0.004474622	0.003196158
1199	1711	0.047350588	0.033821849
1202	2304	0.00112	0.0008
1203	1705	0.00112	0.0008
1203	2332	0.00112	0.0008
1204	1766	0.474352941	0.338823529
1207	1996	0.00112	0.0008
1208	1593	0.00112	0.0008
1209	1702	0.006706555	0.004790396
1209	1755	0.007821176	0.005586555
1211	1339	0.002239104	0.00159936
1212	1702	0.005591036	0.003993597
1213	2160	0.002239104	0.00159936
1214	1743	0.004474622	0.003196158
1215	2200	0.002239104	0.00159936
1216	1258	0.00112	0.0008
1216	1542	0.002239104	0.00159936
1217	1937	0.0122707	0.008764786
1217	1750	0.01338084	0.009557743
1218	1576	0.00112	0.0008
1219	1523	0.064546331	0.046104522
1219	1826	0.063478319	0.045341657
1220	1542	0.015598431	0.011141737
1221	1981	0.00112	0.0008
1221	2133	0.002239104	0.00159936
1221	1915	0.038666667	0.027619048
1222	1942	0.003357311	0.002398079
1225	2197	0.002239104	0.00159936
1225	1732	0.006706555	0.004790396
1226	1232	0.00112	0.0008
1227	2232	0.004474622	0.003196158
1230	1639	0.00112	0.0008
1231	1366	0.00112	0.0008
1232	2304	0.002239104	0.00159936
1233	2000	0.00112	0.0008
1233	1484	0.002239104	0.00159936
1234	2473	0.556195406	0.397282433
1237	1461	0.050592269	0.036137335
1238	1978	0.00112	0.0008
1238	2479	0.00112	0.0008
1238	1856	0.003357311	0.002398079
1240	1313	0.00112	0.0008
1240	1706	0.002239104	0.00159936
1240	2172	0.004474622	0.003196158
1243	1967	0.00112	0.0008
1244	1623	0.00112	0.0008
1246	1914	0.123941289	0.088529492
1248	1864	0.00112	0.0008
1248	2280	0.002239104	0.00159936
1249	1874	0.00112	0.0008
1249	2382	0.006706555	0.004790396
1250	1936	0.00112	0.0008
1250	1447	0.006706555	0.004790396
1251	2384	0.002239104	0.00159936
1251	1406	0.005591036	0.003993597
1252	1336	0.00112	0.0008
1252	1929	0.002239104	0.00159936
1253	1436	0.00112	0.0008
1253	1506	0.004474622	0.003196158
1253	1812	0.00112	0.0008
1254	1670	0.00112	0.0008
1257	2072	0.002239104	0.00159936
1259	1495	0.003357311	0.002398079
1260	1269	0.002239104	0.00159936
1260	2208	0.002239104	0.00159936
1260	2279	0.005591036	0.003993597
1261	1892	0.00112	0.0008
1262	2115	0.00112	0.0008
1262	1598	0.002239104	0.00159936
1264	1396	0.00112	0.0008
1265	1704	0.002239104	0.00159936
1265	1995	0.002239104	0.00159936
1265	2016	0.007821176	0.005586555
1267	1800	0.017812437	0.012723169
1267	1877	0.020022857	0.014302041
1269	2137	0.00112	0.0008
1270	1754	0.680890084	0.48635006
1272	2393	0.007821176	0.005586555
1273	1314	0.00112	0.0008
1274	1771	0.00112	0.0008
1274	2381	0.005591036	0.003993597
1275	2205	0.00112	0.0008
1276	1453	0.01338084	0.009557743
1276	1835	0.017812437	0.012723169
1278	2282	0.00112	0.0008
1278	2354	0.002239104	0.00159936
1279	1402	0.00112	0.0008
1281	2165	0.00112	0.0008
1282	1475	0.00112	0.0008
1283	1344	0.00112	0.0008
1284	1787	0.00112	0.0008
1285	1960	0.006706555	0.004790396
1286	1933	0.00112	0.0008
1288	1728	0.00112	0.0008
1289	2440	0.002239104	0.00159936
1290	2299	0.00112	0.0008
1291	2280	0.003357311	0.002398079
1292	2087	0.003357311	0.002398079
1292	2196	0.023331765	0.016665546
1293	1672	0.00112	0.0008
1293	2399	0.002239104	0.00159936
1294	1809	0.028828683	0.020591917
1295	1533	0.002239104	0.00159936
1295	1582	0.318463193	0.227473709
1296	2435	0.00112	0.0008
1297	2412	0.00112	0.0008
1298	2383	0.00112	0.0008
1298	2398	0.003357311	0.002398079
1299	1557	0.005591036	0.003993597
1300	2153	0.00112	0.0008
1301	2438	0.00112	0.0008
1301	2205	0.01338084	0.009557743
1303	2326	0.00112	0.0008
1303	1400	0.002239104	0.00159936
1306	1838	0.002239104	0.00159936
1306	2041	0.01338084	0.009557743
1306	1437	0.016705882	0.011932773
1306	2120	0.232164034	0.165831453
1308	1381	0.002239104	0.00159936
1308	1639	0.288098151	0.205784394
1309	2328	0.00112	0.0008
1309	2158	0.002239104	0.00159936
1311	1355	0.00112	0.0008
1312	2309	0.002239104	0.00159936
1312	2460	0.003357311	0.002398079
1316	1537	0.00112	0.0008
1316	2043	0.015598431	0.011141737
1318	1994	0.002239104	0.00159936
1320	1659	0.106531765	0.076094118
1320	1806	0.105499608	0.075356863
1323	2451	0.006706555	0.004790396
1326	2496	0.00112	0.0008
1327	2397	0.003357311	0.002398079
1328	2157	0.002239104	0.00159936
1329	1630	0.023331765	0.016665546
1330	2183	0.040843025	0.029173589
1331	2428	0.00112	0.0008
1332	1827	0.00112	0.0008
1333	2314	0.616251429	0.440179592
1335	2408	0.00112	0.0008
1335	1692	0.002239104	0.00159936
1337	1440	0.005591036	0.003993597
1337	2257	0.006706555	0.004790396
1338	1632	0.006706555	0.004790396
1338	2035	0.007821176	0.005586555
1339	2418	0.003357311	0.002398079
1340	2243	0.002239104	0.00159936
1340	2325	0.004474622	0.003196158
1341	1682	0.011159664	0.007971188
1341	2143	0.0122707	0.008764786
1343	1762	0.00112	0.0008
1345	1965	0.00112	0.0008
1346	2240	0.0122707	0.008764786
1347	2439	0.00112	0.0008
1348	1567	0.00112	0.0008
1348	1711	0.002239104	0.00159936
1350	2338	0.002239104	0.00159936
1351	2127	0.00112	0.0008
1351	1625	0.002239104	0.00159936
1352	1826	0.00112	0.0008
1353	1449	0.00112	0.0008
1356	1870	0.00112	0.0008
1356	1996	0.002239104	0.00159936
1358	2179	0.00112	0.0008
1361	1999	0.00112	0.0008
1361	2045	0.002239104	0.00159936
1362	2354	0.004474622	0.003196158
1362	2233	0.006706555	0.004790396
1363	1631	0.00112	0.0008
1363	1798	0.008934902	0.006382073
1365	2281	0.002239104	0.00159936
1366	1959	0.002239104	0.00159936
1367	2327	0.00112	0.0008
1368	2152	0.00112	0.0008
1369	2370	0.003357311	0.002398079
1369	1768	0.004474622	0.003196158
1371	2069	0.00112	0.0008
1371	2136	0.007821176	0.005586555
1374	1951	0.00112	0.0008
1374	2160	0.003357311	0.002398079
1375	1528	0.275103193	0.196502281
1375	1926	0.275975798	0.19712557
1376	2018	0.021126723	0.015090516
1377	1898	0.002239104	0.00159936
1377	1459	0.003357311	0.002398079
1380	1993	0.00112	0.0008
1380	1489	0.116804034	0.083431453
1381	1620	0.00112	0.0008
1382	1574	0.00112	0.0008
1384	2264	0.014490084	0.01035006
1385	2128	0.248508235	0.177505882
1386	1908	0.00112	0.0008
1392	2110	0.00112	0.0008
1392	1509	0.003357311	0.002398079
1393	1857	0.010047731	0.007176951
1393	1905	0.011159664	0.007971188
1395	2481	0.00112	0.0008
1396	1750	0.067744986	0.048389276
1398	1985	0.00112	0.0008
1402	1636	0.011159664	0.007971188
1402	1437	0.015598431	0.011141737
1403	1847	0.002239104	0.00159936
1404	1691	0.00112	0.0008
1405	1729	0.003357311	0.002398079
1405	2239	0.004474622	0.003196158
1407	2060	0.043015798	0.03072557
1407	2194	0.04410084	0.0315006
1408	2105	0.00112	0.0008
1410	1640	0.00112	0.0008
1410	1959	0.003357311	0.002398079
1411	1882	0.652941176	0.466386555
1411	1571	0.653522017	0.466801441
1413	1696	0.00112	0.0008
1414	1531	0.010047731	0.007176951
1414	2113	0.011159664	0.007971188
1415	1688	0.002239104	0.00159936
1416	1758	0.00112	0.0008
1417	2192	0.004474622	0.003196158
1419	1788	0.002239104	0.00159936
1419	1952	0.658861176	0.470615126
1419	1513	0.659674622	0.471196158
1420	2498	0.002239104	0.00159936
1420	1897	0.023331765	0.016665546
1421	1992	0.00112	0.0008
1422	1653	0.00112	0.0008
1424	1547	0.00112	0.0008
1426	1832	0.002239104	0.00159936
1427	1839	0.002239104	0.00159936
1429	2108	0.057051429	0.04075102
1430	2218	0.00112	0.0008
1430	2472	0.003357311	0.002398079
1430	1917	0.002239104	0.00159936
1430	1521	0.007821176	0.005586555
1431	2158	0.545324818	0.389517727
1434	2486	0.00112	0.0008
1440	1449	0.003357311	0.002398079
1441	1867	0.00112	0.0008
1442	2068	0.055977143	0.039983673
1444	2387	0.00112	0.0008
1444	2121	0.002239104	0.00159936
1445	1473	0.002239104	0.00159936
1448	1893	0.00112	0.0008
1448	2188	0.00112	0.0008
1448	1578	0.01338084	0.009557743
1448	2483	0.016705882	0.011932773
1450	2419	0.002239104	0.00159936
1451	2118	0.00112	0.0008
1452	2475	0.00112	0.0008
1453	1953	0.00112	0.0008
1453	2226	0.011159664	0.007971188
1454	2099	0.004474622	0.003196158
1454	1875	0.005591036	0.003993597
1455	2126	0.016705882	0.011932773
1455	1961	0.017812437	0.012723169
1457	2293	0.038666667	0.027619048
1460	2163	0.0122707	0.008764786
1461	1815	0.002239104	0.00159936
1461	2113	0.01338084	0.009557743
1461	2294	0.00112	0.0008
1461	2194	0.045184986	0.03227499
1461	1464	0.110651429	0.079036735
1462	2422	0.00112	0.0008
1466	2433	0.00112	0.0008
1466	1549	0.002239104	0.00159936
1467	1788	0.00112	0.0008
1469	1723	0.00112	0.0008
1470	2067	0.002239104	0.00159936
1471	2401	0.00112	0.0008
1471	1718	0.0122707	0.008764786
1472	2209	0.002239104	0.00159936
1472	2170	0.003357311	0.002398079
1474	1536	0.028828683	0.020591917
1477	2300	0.00112	0.0008
1481	1877	0.00112	0.0008
1484	1930	0.070935574	0.050668267
1485	1947	0.00112	0.0008
1488	1608	0.00112	0.0008
1488	2145	0.111679104	0.079770788
1489	2024	0.113731765	0.081236975
1492	1885	0.00112	0.0008
1492	1929	0.007821176	0.005586555
1493	1566	0.002239104	0.00159936
1494	1539	0.695887507	0.497062505
1495	2359	0.004474622	0.003196158
1497	2245	0.00112	0.0008
1498	1946	0.00112	0.0008
1498	1636	0.010047731	0.007176951
1500	1989	0.005591036	0.003993597
1501	2361	0.031021176	0.022157983
1502	1811	0.002239104	0.00159936
1502	1659	0.003357311	0.002398079
1503	1707	0.002239104	0.00159936
1503	2165	0.002239104	0.00159936
1504	1703	0.00112	0.0008
1507	2006	0.00112	0.0008
1508	1995	0.00112	0.0008
1509	1796	0.00112	0.0008
1510	1606	0.00112	0.0008
1510	1862	0.002239104	0.00159936
1511	1698	0.00112	0.0008
1513	2403	0.00112	0.0008
1513	2201	0.660212437	0.471580312
1515	1641	0.00112	0.0008
1515	2270	0.00112	0.0008
1515	2285	0.00112	0.0008
1516	1667	0.083617255	0.059726611
1517	1667	0.0122707	0.008764786
1518	2032	0.00112	0.0008
1518	2376	0.005591036	0.003993597
1518	2146	0.008934902	0.006382073
1521	1629	0.008934902	0.006382073
1523	1612	0.00112	0.0008
1526	2148	0.00112	0.0008
1526	2407	0.178491429	0.127493878
1526	2482	0.180423978	0.12887427
1538	2103	0.008934902	0.006382073
1539	1678	0.00112	0.0008
1542	1577	0.018918095	0.013512925
1546	2425	0.00112	0.0008
1547	2109	0.002239104	0.00159936
1547	2281	0.003357311	0.002398079
1547	2390	0.00112	0.0008
1553	2417	0.005591036	0.003993597
1553	1651	0.12292437	0.087803121
1556	1650	0.00112	0.0008
1558	2141	0.627491765	0.448208403
1560	1939	0.00112	0.0008
1560	2239	0.026632605	0.019023289
1561	2289	0.00112	0.0008
1562	1661	0.00112	0.0008
1562	1786	0.002239104	0.00159936
1565	1660	0.00112	0.0008
1565	2238	0.006706555	0.004790396
1568	1589	0.0122707	0.008764786
1570	2422	0.120887843	0.086348459
1573	2310	0.00112	0.0008
1573	2170	0.008934902	0.006382073
1574	2447	0.002239104	0.00159936
1576	2114	0.00112	0.0008
1577	1662	0.04410084	0.0315006
1580	1876	0.003357311	0.002398079
1580	1977	0.004474622	0.003196158
1581	2395	0.00112	0.0008
1581	1880	0.047350588	0.033821849
1583	1894	0.00112	0.0008
1583	2220	0.002239104	0.00159936
1587	2238	0.00112	0.0008
1588	2416	0.002239104	0.00159936
1588	1816	0.003357311	0.002398079
1589	2076	0.008934902	0.006382073
1589	1626	0.022229692	0.015878351
1591	2460	0.00112	0.0008
1592	2362	0.00112	0.0008
1594	2022	0.00112	0.0008
1595	2319	0.01338084	0.009557743
1596	2202	0.00112	0.0008
1597	2275	0.002239104	0.00159936
1597	1871	0.307632045	0.219737175
1599	2468	0.00112	0.0008
1600	2475	0.006706555	0.004790396
1600	2400	0.007821176	0.005586555
1601	1623	0.00112	0.0008
1604	2013	0.005591036	0.003993597
1607	2091	0.00112	0.0008
1609	1622	0.032116078	0.022940056
1610	2246	0.00112	0.0008
1614	1742	0.004474622	0.003196158
1615	2019	0.00112	0.0008
1617	1861	0.00112	0.0008
1617	2442	0.003357311	0.002398079
1623	2058	0.003357311	0.002398079
1624	2352	0.002239104	0.00159936
1626	1663	0.002239104	0.00159936
1628	2081	0.00112	0.0008
1630	2271	0.00112	0.0008
1630	2060	0.029925378	0.02137527
1638	2124	0.00112	0.0008
1639	2179	0.002239104	0.00159936
1639	1963	0.291529412	0.208235294
1642	2311	0.002239104	0.00159936
1643	1873	0.00112	0.0008
1643	2048	0.002239104	0.00159936
1644	1823	0.00112	0.0008
1644	2319	0.004474622	0.003196158
1647	2248	0.00112	0.0008
1648	2440	0.003357311	0.002398079
1648	1744	0.004474622	0.003196158
1649	2251	0.003357311	0.002398079
1649	2450	0.004474622	0.003196158
1650	1833	0.023331765	0.016665546
1653	1949	0.002239104	0.00159936
1654	1655	0.00112	0.0008
1655	2351	0.136074398	0.097195998
1656	1780	0.00112	0.0008
1657	2303	0.00112	0.0008
1658	2224	0.00112	0.0008
1659	1744	0.017812437	0.012723169
1659	2457	0.029925378	0.02137527
1659	1720	0.167798319	0.119855942
1662	2366	0.00112	0.0008
1664	2429	0.011159664	0.007971188
1667	1850	0.008934902	0.006382073
1667	1806	0.104466555	0.074618968
1668	2101	0.014490084	0.01035006
1670	2300	0.002239104	0.00159936
1670	2173	0.004474622	0.003196158
1671	2108	0.059197311	0.042283794
1676	2490	0.006706555	0.004790396
1676	2262	0.007821176	0.005586555
1677	1731	0.00112	0.0008
1681	2045	0.003357311	0.002398079
1681	2419	0.004474622	0.003196158
1682	1787	0.002239104	0.00159936
1682	2039	0.00112	0.0008
1682	1822	0.002239104	0.00159936
1683	2224	0.002239104	0.00159936
1683	1784	0.031021176	0.022157983
1683	2363	0.007821176	0.005586555
1686	2481	0.011159664	0.007971188
1686	2005	0.0122707	0.008764786
1687	1952	0.00112	0.0008
1689	1707	0.00112	0.0008
1691	2042	0.00112	0.0008
1691	2101	0.026632605	0.019023289
1694	1800	0.010047731	0.007176951
1695	2151	0.00112	0.0008
1696	1842	0.017812437	0.012723169
1700	1869	0.023331765	0.016665546
1701	2361	0.033210084	0.023721489
1701	2129	0.034303193	0.024502281
1703	2398	0.002239104	0.00159936
1704	1907	0.00112	0.0008
1708	1980	0.007821176	0.005586555
1708	2291	0.002239104	0.00159936
1709	2203	0.003357311	0.002398079
1709	2322	0.00112	0.0008
1710	2444	0.00112	0.0008
1710	2439	0.023331765	0.016665546
1710	2437	0.025533221	0.018238015
1713	2266	0.057051429	0.04075102
1714	2200	0.00112	0.0008
1718	2432	0.01338084	0.009557743
1722	2358	0.00112	0.0008
1725	2134	0.027731092	0.019807923
1725	2353	0.028828683	0.020591917
1726	1997	0.00112	0.0008
1726	1738	0.002239104	0.00159936
1727	1777	0.00112	0.0008
1729	1895	0.00112	0.0008
1729	2377	0.00112	0.0008
1731	1966	0.00112	0.0008
1734	2061	0.008934902	0.006382073
1736	2005	0.01338084	0.009557743
1740	2277	0.003357311	0.002398079
1745	2010	0.00112	0.0008
1745	2463	0.011159664	0.007971188
1745	2286	0.014490084	0.01035006
1746	1832	0.003357311	0.002398079
1746	2094	0.01338084	0.009557743
1747	1888	0.002239104	0.00159936
1755	2492	0.008934902	0.006382073
1757	2352	0.014490084	0.01035006
1759	2063	0.002239104	0.00159936
1759	2323	0.00112	0.0008
1759	1862	0.025533221	0.018238015
1759	2279	0.031021176	0.022157983
1760	1986	0.00112	0.0008
1765	1965	0.00112	0.0008
1766	2359	0.005591036	0.003993597
1768	2470	0.005591036	0.003993597
1769	2465	0.00112	0.0008
1776	1786	0.00112	0.0008
1778	1994	0.003357311	0.002398079
1778	2041	0.0122707	0.008764786
1779	2302	0.00112	0.0008
1779	1949	0.002239104	0.00159936
1781	2004	0.00112	0.0008
1782	2242	0.00112	0.0008
1782	2340	0.003357311	0.002398079
1783	1952	0.002239104	0.00159936
1784	2353	0.029925378	0.02137527
1785	1807	0.002239104	0.00159936
1790	2015	0.00112	0.0008
1793	1804	0.00112	0.0008
1794	2092	0.00112	0.0008
1798	2013	0.007821176	0.005586555
1802	1842	0.00112	0.0008
1815	2040	0.00112	0.0008
1816	2259	0.008934902	0.006382073
1819	2469	0.304268908	0.217334934
1819	1871	0.306792605	0.219137575
1820	2119	0.003357311	0.002398079
1822	2055	0.00112	0.0008
1824	2287	0.00112	0.0008
1826	2058	0.006706555	0.004790396
1828	2473	0.002239104	0.00159936
1830	1831	0.002239104	0.00159936
1830	2107	0.003357311	0.002398079
1834	2176	0.006706555	0.004790396
1834	2308	0.01338084	0.009557743
1835	1942	0.004474622	0.003196158
1835	2178	0.003357311	0.002398079
1838	2012	0.00112	0.0008
1841	2111	0.003357311	0.002398079
1843	2007	0.007821176	0.005586555
1845	2044	0.002239104	0.00159936
1854	1915	0.037577143	0.026840816
1855	1857	0.00112	0.0008
1856	2168	0.482550588	0.344678992
1856	2236	0.485042465	0.346458904
1862	1877	0.022229692	0.015878351
1863	2038	0.00112	0.0008
1863	2262	0.008934902	0.006382073
1865	1898	0.00112	0.0008
1868	2290	0.00112	0.0008
1869	2007	0.011159664	0.007971188
1872	1932	0.00112	0.0008
1875	2289	0.002239104	0.00159936
1876	2050	0.00112	0.0008
1879	2159	0.00112	0.0008
1884	2334	0.003357311	0.002398079
1886	2498	0.00112	0.0008
1890	1930	0.00112	0.0008
1896	2204	0.00112	0.0008
1904	2095	0.002239104	0.00159936
1908	2226	0.002239104	0.00159936
1912	1929	0.00112	0.0008
1914	1970	0.12292437	0.087803121
1917	2493	0.00112	0.0008
1921	2337	0.011159664	0.007971188
1921	2056	0.01338084	0.009557743
1927	1972	0.00112	0.0008
1928	2180	0.00112	0.0008
1929	2382	0.007821176	0.005586555
1930	2482	0.184278319	0.131627371
1930	2128	0.246706555	0.176218968
1935	2301	0.003357311	0.002398079
1938	2345	0.017812437	0.012723169
1940	2006	0.006706555	0.004790396
1949	2089	0.00112	0.0008
1954	2350	0.264562017	0.188972869
1958	2421	0.00112	0.0008
1961	2267	0.007821176	0.005586555
1964	2307	0.00112	0.0008
1969	2305	0.005591036	0.003993597
1969	2161	0.006706555	0.004790396
1970	2414	0.103432605	0.073880432
1972	2060	0.002239104	0.00159936
1973	2397	0.002239104	0.00159936
1980	2335	0.002239104	0.00159936
1983	2230	0.00112	0.0008
1983	2481	0.008934902	0.006382073
1987	2168	0.42900437	0.306431693
1988	2065	0.00112	0.0008
1990	2072	0.12292437	0.087803121
1990	2201	0.139087507	0.099348219
1991	2260	0.011159664	0.007971188
2001	2267	0.00112	0.0008
2006	2212	0.00112	0.0008
2006	2206	0.003357311	0.002398079
2008	2083	0.00112	0.0008
2014	2151	0.002239104	0.00159936
2017	2215	0.00112	0.0008
2017	2336	0.002239104	0.00159936
2023	2238	0.008934902	0.006382073
2024	2034	0.014490084	0.01035006
2025	2152	0.002239104	0.00159936
2025	2482	0.003357311	0.002398079
2027	2447	0.008934902	0.006382073
2028	2265	0.00112	0.0008
2030	2457	0.027731092	0.019807923
2034	2340	0.01338084	0.009557743
2035	2049	0.008934902	0.006382073
2036	2314	0.00112	0.0008
2043	2345	0.016705882	0.011932773
2047	2195	0.004474622	0.003196158
2057	2316	0.004474622	0.003196158
2057	2464	0.011159664	0.007971188
2059	2129	0.035395406	0.025282433
2072	2200	0.119868235	0.085620168
2075	2303	0.00112	0.0008
2078	2423	0.014490084	0.01035006
2078	2126	0.015598431	0.011141737
2080	2426	0.002239104	0.00159936
2082	2349	0.00112	0.0008
2085	2325	0.010047731	0.007176951
2090	2173	0.006706555	0.004790396
2090	2469	0.010047731	0.007176951
2091	2393	0.008934902	0.006382073
2091	2101	0.011159664	0.007971188
2092	2106	0.006706555	0.004790396
2102	2235	0.00112	0.0008
2105	2166	0.007821176	0.005586555
2105	2132	0.014490084	0.01035006
2106	2392	0.00112	0.0008
2106	2409	0.011159664	0.007971188
2112	2288	0.00112	0.0008
2116	2296	0.00112	0.0008
2117	2246	0.005591036	0.003993597
2123	2357	0.003357311	0.002398079
2125	2147	0.00112	0.0008
2128	2386	0.00112	0.0008
2133	2222	0.00112	0.0008
2136	2142	0.00112	0.0008
2136	2292	0.010047731	0.007176951
2138	2414	0.00112	0.0008
2139	2313	0.00112	0.0008
2141	2216	0.00112	0.0008
2147	2251	0.002239104	0.00159936
2149	2333	0.00112	0.0008
2163	2342	0.01338084	0.009557743
2169	2450	0.699204034	0.499431453
2173	2441	0.00112	0.0008
2174	2371	0.002239104	0.00159936
2177	2391	0.005591036	0.003993597
2181	2336	0.005591036	0.003993597
2182	2187	0.00112	0.0008
2183	2260	0.039755294	0.028396639
2184	2301	0.111679104	0.079770788
2185	2263	0.00112	0.0008
2186	2301	0.107563025	0.076830732
2192	2297	0.003357311	0.002398079
2200	2404	0.00112	0.0008
2206	2235	0.002239104	0.00159936
2209	2372	0.00112	0.0008
2213	2368	0.002239104	0.00159936
2217	2431	0.003357311	0.002398079
2221	2459	0.002239104	0.00159936
2225	2413	0.00112	0.0008
2233	2405	0.00112	0.0008
2233	2364	0.008934902	0.006382073
2234	2308	0.00112	0.0008
2236	2290	0.485663193	0.346902281
2241	2413	0.048432045	0.034594318
2244	2246	0.003357311	0.002398079
2255	2455	0.00112	0.0008
2264	2407	0.017812437	0.012723169
2269	2287	0.00112	0.0008
2273	2336	0.00112	0.0008
2275	2415	0.00112	0.0008
2277	2412	0.002239104	0.00159936
2278	2368	0.036486723	0.026061945
2291	2343	0.00112	0.0008
2318	2450	0.002239104	0.00159936
2324	2486	0.002239104	0.00159936
2336	2483	0.017812437	0.012723169
2340	2371	0.008934902	0.006382073
2342	2374	0.00112	0.0008
2347	2446	0.00112	0.0008
2356	2378	0.003357311	0.002398079
2360	2373	0.00112	0.0008
2361	2430	0.00112	0.0008
2369	2396	0.004474622	0.003196158
2376	2471	0.003357311	0.002398079
2388	2429	0.700251429	0.500179592
2424	2460	0.006706555	0.004790396
2429	2450	0.699489524	0.499635374
2462	2467	0.003357311	0.002398079
2470	2476	0.683585882	0.48827563
