(1857, 1906), (1510, 1543), (1500, 1530), (858, 938), (1155, 1500), (1155, 1161), (938, 1155), (1440, 1449),
         (1320, 1440), (1449, 1453), (1307, 1425), (1425, 1440), (1425, 1431), (1431, 1449), (1431, 1434), (1434, 1453),
         (1453, 1510), (1510, 1665), (1434, 1499), (1499, 1510), (1499, 1500), (1872, 1927), (1927, 1994), (1927, 1968),
         (1906, 2012), (1906, 1927), (1872, 1906), (1968, 1994), (1994, 2037), (2012, 2056), (1994, 2012), (551, 637),
         (637, 647), (637, 872), (894, 897), (897, 912), (912, 936), (936, 982), (936, 982), (936, 938), (982, 1027),
         (971, 1029), (1027, 1100), (1027, 1161), (879, 890), (890, 894), (872, 879), (872, 874), (874, 890),
         (874, 877), (877, 894), (877, 880), (880, 897), (880, 912), (820, 879), (660, 820), (820, 873), (1029, 1100),
         (1100, 1145), (1145, 1219), (1145, 1161), (1161, 1234), (1311, 1320), (1307, 1320), (1216, 1274), (1262, 1274),
         (1262, 1286), (1274, 1286), (1286, 1297), (1286, 1288), (1288, 1297), (1297, 1304), (1304, 1311), (1288, 1295),
         (1295, 1304), (1295, 1298), (1298, 1311), (1216, 1234), (1234, 1262), (1298, 1307), (1663, 1667), (1657, 1663),
         (1663, 1671), (1657, 1664), (1627, 1631), (1627, 1657), (1613, 1627), (1690, 1694), (1688, 1690), (1647, 1685),
         (1685, 1688), (1701, 1702), (1685, 1686), (1690, 1696), (1696, 1701), (1682, 1686), (1688, 1695), (1695, 1696),
         (1677, 1682), (1686, 1691), (1691, 1695), (1640, 1674), (1674, 1677), (1682, 1689), (1689, 1691), (1670, 1674),
         (1677, 1687), (1687, 1689), (1667, 1670), (1674, 1683), (1683, 1687), (1670, 1678), (1678, 1683), (1667, 1676),
         (1676, 1678), (1671, 1676), (1664, 1671), (1664, 1665), (1665, 1712), (1701, 1712), (1711, 1712), (1710, 1711),
         (1712, 1716), (1716, 1721), (1716, 1721), (1711, 1724), (1724, 1882), (1721, 1724), (1710, 1725), (1724, 1725),
         (1725, 1753), (1872, 1882), (1882, 1951), (2037, 2042), (2028, 2042), (2042, 2101), (2037, 2056), (2059, 2063),
         (2056, 2059), (2059, 2124), (2042, 2059), (483, 486), (406, 483), (486, 496), (486, 571), (472, 483),
         (483, 551), (617, 629), (629, 635), (496, 617), (619, 629), (611, 617), (611, 633), (633, 635), (571, 584),
         (584, 595), (595, 611), (595, 597), (561, 571), (561, 572), (572, 584), (551, 561), (572, 596), (596, 597),
         (596, 636), (636, 647), (647, 660), (633, 639), (597, 639), (636, 639), (639, 663), (635, 663), (660, 663),
         (1067, 1075), (1039, 1067), (1067, 1076), (1039, 1061), (1061, 1076), (1004, 1039), (1004, 1041), (1041, 1061),
         (906, 957), (957, 1004), (906, 949), (949, 1004), (949, 990), (990, 1039), (1041, 1078), (793, 873),
         (873, 906), (765, 793), (689, 765), (763, 765), (829, 906), (763, 829), (793, 829), (854, 949), (829, 854),
         (873, 937), (937, 957), (937, 965), (937, 983), (965, 983), (983, 1014), (1014, 1041), (957, 1014),
         (965, 1029), (983, 1057), (1029, 1057), (1057, 1145), (1057, 1078), (1078, 1082), (1076, 1082), (1134, 1137),
         (1082, 1137), (1187, 1216), (1078, 1146), (1137, 1146), (1145, 1146), (1457, 1525), (1514, 1528), (1525, 1528),
         (1528, 1563), (1525, 1562), (1650, 1680), (1632, 1650), (1632, 1643), (1650, 1666), (1588, 1607), (1581, 1592),
         (1563, 1581), (1581, 1607), (1607, 1614), (1614, 1621), (1581, 1614), (1614, 1632), (1638, 1650), (1629, 1638),
         (1638, 1651), (1651, 1680), (1651, 1652), (1624, 1629), (1629, 1646), (1646, 1652), (1646, 1647), (1624, 1639),
         (1639, 1647), (1639, 1640), (1631, 1640), (1652, 1694), (1633, 1637), (1607, 1633), (1633, 1638), (1616, 1629),
         (1618, 1624), (1618, 1619), (1619, 1631), (1613, 1619), (1562, 1613), (1573, 1588), (1573, 1618), (1562, 1573),
         (1588, 1624), (1733, 1741), (1680, 1706), (1706, 1733), (1680, 1698), (1706, 1717), (1697, 1706), (1694, 1697),
         (1704, 1733), (1697, 1702), (1702, 1704), (1704, 1710), (1741, 1753), (1753, 1821), (1741, 1760), (1821, 1850),
         (1968, 2028), (1968, 1973), (2102, 2124), (305, 382), (290, 305), (295, 305), (305, 337), (446, 447),
         (447, 457), (405, 447), (406, 457), (425, 446), (425, 445), (445, 454), (446, 464), (445, 464), (464, 480),
         (454, 480), (480, 513), (454, 489), (457, 496), (464, 519), (480, 535), (392, 454), (337, 425), (373, 445),
         (352, 371), (371, 425), (371, 405), (382, 405), (382, 406), (514, 534), (604, 623), (588, 604), (588, 589),
         (589, 613), (613, 623), (623, 672), (672, 685), (613, 651), (651, 672), (496, 519), (519, 535), (535, 555),
         (555, 588), (534, 555), (555, 566), (535, 599), (589, 599), (604, 614), (614, 685), (599, 619), (631, 651),
         (599, 631), (619, 653), (653, 666), (631, 666), (653, 689), (666, 695), (651, 695), (689, 704), (666, 704),
         (695, 718), (685, 718), (672, 718), (704, 740), (695, 740), (704, 763), (911, 945), (896, 911), (896, 905),
         (905, 946), (945, 946), (958, 1009), (945, 1009), (990, 1028), (928, 1028), (1028, 1075), (1009, 1069),
         (1024, 1069), (946, 1072), (1069, 1070), (1069, 1087), (644, 896), (740, 762), (718, 762), (763, 785),
         (740, 785), (785, 827), (762, 827), (785, 854), (827, 864), (864, 928), (864, 905), (827, 881), (881, 928),
         (881, 990), (854, 881), (875, 911), (1094, 1115), (1115, 1121), (1094, 1108), (1108, 1121), (1108, 1122),
         (1121, 1122), (1122, 1126), (1126, 1140), (1126, 1133), (1133, 1140), (1133, 1134), (1075, 1134), (1072, 1094),
         (1070, 1072), (1073, 1087), (1070, 1097), (1097, 1115), (1087, 1097), (1187, 1348), (1107, 1187), (1140, 1187),
         (1348, 1390), (1348, 1436), (1296, 1348), (1550, 1560), (1550, 1551), (1390, 1412), (1390, 1457), (1412, 1470),
         (1436, 1470), (1457, 1476), (1412, 1476), (1470, 1491), (1470, 1495), (1476, 1497), (1476, 1512), (1491, 1512)